0.92791307
1.0213497
1.029408
1.0780814
0.91436815
1.0017163
1.0984472
1.0714366
0.9799283
0.92584634
1.0272138
1.1136249
1.1079365
0.95082146
1.0263753
1.004294
1.140411
0.8765538
1.1166043
0.9150366
1.0294929
1.106608
1.0689847
0.93070394
0.9235246
1.0914986
1.0252419
1.0445207
1.0564438
0.9074023
1.1297331
1.0756317
1.051603
0.94785154
1.0775036
0.88162637
1.0739927
0.9557168
0.9865819
0.8790914
1.0399749
1.1049964
1.076253
1.0363787
0.8729524
1.0591015
1.1826028
0.91713315
0.9785223
0.9919542
1.0328443
0.9037473
0.91807795
0.9010675
0.9392881
1.0617934
1.0420476
0.9341663
1.0733802
1.0962068
1.0591791
0.9547786
1.0269581
1.0853949
1.0184208
1.1254457
1.0897183
0.9526212
1.1028911
1.0622531
0.81481016
1.1602943
0.93972975
1.0864451
1.0916948
0.8630595
0.9427101
1.0682693
0.9433519
1.047417
1.0789167
1.1082944
1.0411562
1.1397767
1.0801227
0.9461015
1.0103579
1.0809699
1.0508696
0.96731055
1.0834002
0.9846952
0.9569041
1.1462294
1.0109228
1.0925419
1.013524
1.050549
1.0191957
1.0889208
0.93325627
0.87384975
1.0839213
0.9916425
1.165264
0.9383521
1.0916449
0.99072486
0.9674443
0.9894322
0.95185786
1.1630251
1.0025997
0.9585295
0.98980165
0.91343457
1.0292574
1.0289291
1.0399691
0.9575632
0.91251713
0.9702691
1.026424
1.0983508
1.2079457
1.0841196
0.9498118
1.0967982
1.1195426
0.88780093
0.9679887
0.9204836
1.1797093
0.9952376
1.1314232
0.9357209
1.1382622
0.8973007
1.0405297
1.0592939
0.95935357
1.0116925
1.0640038
0.9695567
1.042561
1.0932441
0.9062838
1.0450685
1.1708001
1.1596287
1.0618834
1.1087133
0.9560636
1.0380535
0.98424983
1.0587302
1.0804337
1.1143302
1.124593
0.95617664
1.0752707
1.0922147
1.0598727
1.0554869
1.0996758
1.0881449
1.0268052
1.0118587
1.1619148
1.0782974
1.0332676
1.0219643
0.97407746
0.98368007
0.907563
0.91926134
0.96144986
1.1336277
0.9802996
1.0854336
0.9494798
0.91043365
0.96743405
1.1027927
0.99837554
1.0222895
1.046251
1.017012
1.0762118
1.0222825
1.0199242
1.0277706
0.9956204
1.1084037
1.1556033
0.97464275
1.0919573
1.2170547
1.0267277
1.1484135
0.96841085
0.9022954
0.9337212
0.86601883
0.9743066
0.95075333
1.0663218
1.0977808
0.9051629
1.0618322
1.0614551
0.8658761
1.0405396
1.040923
1.0453676
1.0317345
0.91610247
1.0863485
1.0563864
0.9678332
1.1107254
1.0943286
1.0634042
1.0344411
0.96073234
1.0205356
1.0607302
0.9829289
1.0632566
0.9625536
1.0553124
0.96448386
1.1183258
1.0728083
0.9615041
0.98802733
0.9006982
0.98363835
1.0701916
0.9419194
0.90618837
1.0644323
0.91358304
0.88836324
0.899495
0.93821657
1.1366516
0.9780686
0.9893087
1.0264953
1.010388
0.90400195
0.9172337
1.0058875
0.98289216
1.0435046
1.021836
1.0749501
1.1898555
1.1028329
1.0949658
1.0807929
0.840633
0.91301584
1.0882355
0.92669576
0.969363
0.9037584
1.0503169
1.1021305
1.0341753
0.8719372
1.0227666
1.0853536
1.1767513
0.9286347
1.1814327
1.0539267
0.9109905
0.8788996
1.0767838
1.0907274
0.8208804
1.0634875
1.0789403
0.92077345
1.0878348
1.1577818
1.0000708
1.1447378
1.042819
0.99894357
1.0165191
1.1790407
0.9456271
1.0819085
0.92511976
1.0930506
1.1359123
1.0334578
0.952134
1.0639659
1.0005345
1.002881
1.0835059
0.8993875
1.0190482
1.0893152
0.87999487
0.89876163
1.0226681
0.9425675
1.0969307
0.99780726
0.9910162
1.0391728
1.0369606
1.0140696
1.092273
1.1116366
1.0543488
1.0066459
1.0773889
1.090265
1.0121009
0.92637885
0.9724643
0.9772589
0.9730238
0.9159385
1.179875
1.1296533
1.0586714
0.8924288
0.91542184
0.936041
0.97457993
1.1227422
1.0662608
0.9742987
0.9176938
1.0328
0.9984173
1.1084751
0.8986829
1.0556098
1.0070305
1.062828
0.986852
1.038511
0.95932394
0.8903179
1.0512371
1.080552
0.9712185
1.0196308
1.0629497
0.9776787
1.0369962
1.1008937
1.0451076
1.0801195
0.8625465
1.0692301
0.9879029
1.0819612
0.8994367
0.96157634
1.2176814
1.0648006
1.0769964
1.0310273
0.9995445
1.0883492
1.125563
0.967371
1.1151516
0.9611856
1.0653889
0.8725253
1.1209403
1.0377235
1.0516896
0.9393871
1.0302312
0.91527486
0.89368224
0.97226316
1.138268
1.17518
0.8763417
0.99145913
1.0868033
0.9307322
1.0385828
0.98274195
1.124559
0.9826522
1.1007265
0.88769853
0.9632273
1.0059854
1.0359803
0.94005454
1.0390652
1.0163791
0.9952055
0.9382551
0.8840589
1.063355
1.0462594
0.9268743
1.0226854
1.0758039
0.88483953
0.87160254
0.9319341
1.0356828
0.9199872
1.0954843
0.95450747
0.9568448
1.0609943
1.0907921
1.1072303
1.1766715
1.1662091
0.9974536
1.0472451
0.90856725
1.0540968
1.1579208
1.0149482
1.0154656
1.0728823
0.91642845
1.0082196
1.0361745
0.97136855
1.0490948
1.0560522
1.0508195
0.99773055
0.908157
0.9851891
1.0373402
1.0961021
0.948125
0.9268503
0.8362379
1.0689116
1.1402217
1.0129274
1.1642704
1.0584754
1.0477669
0.8669037
0.98930186
0.95023555
1.0261395
0.8577827
1.0672817
0.9922941
1.085756
0.9915862
1.0324535
1.0842062
0.97441983
1.0815384
1.0243056
1.0814751
1.1637505
0.98939455
1.060165
0.9115645
0.9992273
1.126398
1.0228653
1.0390157
1.1734672
0.97044504
0.9694102
0.9619869
1.0219632
1.0894568
0.95992064
0.98855555
1.0246816
1.0352863
1.05561
1.1381556
1.0448296
0.9559844
1.0428116
1.0219269
0.9273752
0.9917408
0.88309455
1.1010199
1.0486733
0.9515392
1.2791195
0.9095973
1.101767
1.1023471
1.1166795
0.951071
0.8907188
0.9881747
0.8955476
0.9089972
0.9438229
1.0777662
0.89681274
1.0085846
0.88546884
1.0483228
1.1012563
1.1380167
1.1050249
0.9757816
1.0726566
1.037682
0.9399813
0.93369776
1.0308032
0.85851896
1.0885402
0.96081483
1.0426672
1.0392516
0.98217285
1.1188045
0.886773
1.0878129
1.008425
0.9502014
0.93647516
0.9954733
1.0330875
0.96160364
0.8746498
1.1857125
0.944493
1.0212227
0.93738854
1.0581685
1.117128
1.0841634
1.0760064
1.1932544
0.94641244
0.9371927
1.0186789
0.88528234
0.87058306
0.94741535
0.8776697
1.0917083
1.0477678
1.0511748
1.0928111
0.99312586
0.863702
0.93972766
1.0789363
1.1267774
1.0443001
1.0035285
0.97410506
1.0532167
0.91880536
1.0381601
1.0032934
1.0420601
0.96821064
0.82974887
1.1000485
1.0875968
0.94806373
1.0807909
1.0802928
0.99759394
1.159147
0.89553773
1.1638011
1.1804972
0.9097499
1.052948
1.0900327
1.1188076
1.0847292
0.99189115
1.0334675
1.0423106
1.0425565
0.85140395
0.95903367
1.0227687
0.94009984
1.0001928
0.99635386
0.91315013
1.0638742
1.0297743
1.215254
1.0210812
0.9616218
1.1242714
0.9959532
1.0339338
0.95422506
0.96252394
1.0892575
0.993882
1.161699
1.1035265
0.9943945
0.92181003
0.8745864
0.878212
1.0573727
1.1142737
1.062234
1.0600748
0.8923211
0.9733095
0.9687673
1.0734899
1.0876199
1.020934
1.1143191
1.078632
1.1164312
0.91499597
1.0014687
0.87745464
0.9470687
0.9015531
1.0272323
1.0241563
0.9115485
0.9130883
1.0616714
1.1504738
0.9340675
0.9912315
1.0394067
1.0899508
1.0358347
1.004689
0.96599793
1.0612726
0.90677214
1.0258245
1.0289772
1.0636327
1.1026722
1.0704106
1.0714841
0.86235803
0.91078925
1.0708451
0.9622848
1.0532693
1.0160557
0.88010216
1.0151144
0.9896331
1.0479348
1.0767144
1.0587252
1.1117784
1.0720924
0.8903757
1.0426886
1.0881381
1.0712863
0.9707551
1.2334931
1.2226211
1.0110414
0.9862099
0.9267557
0.8698159
1.0684886
1.0929219
1.0154897
0.93998134
0.8674696
0.9455461
1.0630201
1.0394186
1.0130646
0.9014634
1.0768704
0.9498742
1.0368023
1.0562123
1.043619
1.0687662
0.8689799
1.0096251
1.0587524
0.9664701
0.9912951
1.0723106
1.0041937
1.1057312
0.918254
1.0180013
0.9715165
0.9232174
0.8461406
1.1375831
0.9680456
0.96874464
1.0055019
1.0335416
0.98067415
1.055904
0.9431315
0.9542079
1.0785904
1.0456715
1.0175545
0.99641895
1.0667055
1.1142985
1.0817822
1.0212119
1.136401
0.89327145
1.0288675
0.9774023
1.0198425
0.9876318
0.9065657
0.8816799
0.99518335
1.137382
0.9652624
1.1166837
0.9687306
1.0798419
1.0538914
1.0500797
0.9251799
0.93668854
1.0466847
1.0570794
0.9913683
0.9960288
1.0704814
1.0318091
1.0055474
1.0672647
0.95961607
1.0465039
1.0246063
0.9230877
0.9026981
1.1715344
1.0438448
1.0281953
1.0712124
1.063186
1.1904051
1.1467866
1.0670455
1.0659859
1.0945268
0.88590467
0.96607155
0.9219427
0.95554674
1.0048368
1.0658067
1.0958241
0.9729549
1.0623633
1.1409277
1.1230782
1.1029221
1.076905
1.1622094
1.1179118
1.1048973
1.1708902
1.056338
1.0950364
1.0628576
0.89008343
0.8586068
1.0531877
1.0279921
0.9853039
1.0524286
1.0168182
0.9857234
1.100547
0.91219807
1.0182565
1.0526524
1.0824579
1.0114413
1.070838
1.0659854
1.060631
1.0972191
0.94083285
1.0124888
0.8836079
0.9421528
0.9099891
0.9161694
1.018891
1.0743304
0.9367236
0.96258867
1.1096644
1.0445213
1.084623
0.99531823
1.0481462
0.95723546
1.177545
1.0134254
1.024494
0.96548724
1.0276668
0.8869381
1.132967
1.145082
1.0042617
1.0432705
1.0423585
0.9888227
0.9890773
0.83577913
1.0540407
1.014397
0.9608042
0.89221895
1.1077323
1.0643071
0.954348
0.8733413
1.0668561
1.0131173
0.9495972
0.9594427
1.0296403
1.0339411
1.2057592
1.1867641
1.1048632
1.0964684
0.88560426
1.0575511
1.0367064
1.0521725
0.9860024
0.86414057
1.0011697
0.986236
1.0606508
0.9558532
0.96136415
1.1025827
1.0560027
1.0340413
0.9708587
1.019405
0.9931884
1.0215774
0.93195605
0.9153639
1.1262062
1.0101713
0.87792605
0.86888146
1.0872444
1.1308041
1.0189371
1.0719217
1.1139058
0.965716
1.0110787
0.9703928
1.0650153
1.0041236
1.1055479
1.2145556
1.0080311
0.9317503
1.0070685
0.8900964
0.9160291
1.1573998
1.0461544
1.0167491
0.9329543
1.1087474
0.9115175
1.126016
0.9722439
1.0948349
0.9510512
0.9934686
1.0233788
0.87664545
1.049054
1.1567947
1.0039049
1.0684003
0.99369264
0.92997074
1.144379
1.0020752
1.0541823
1.0066112
0.9790993
0.95028067
0.8641812
1.0206989
0.9373983
1.1789042
0.92365324
0.976953
1.0836028
1.0991453
1.0338897
1.0023509
1.0073559
0.9914492
1.0837828
1.0371723
1.1114125
0.98354036
1.0298505
1.0482918
0.9047351
1.0487211
0.98830837
0.9999151
1.089424
0.89455175
0.8922262
1.0345168
0.95622003
1.0597731
0.97010756
0.86840606
0.97195506
0.91700363
0.8894059
0.97110575
1.0120293
1.0719607
0.9239322
1.0408096
0.995316
0.97512114
1.1239928
1.0358129
0.9257976
0.8414247
0.9540165
1.031684
1.1477618
1.049252
0.923777
0.9731817
1.1047542
0.9729227
1.1353521
0.995921
0.9255345
0.9416554
1.1582026
1.1385592
1.1121877
1.0375273
0.9521661
1.1309611
0.95561814
0.8489629
0.9518757
1.023189
1.0190196
1.0111818
0.96935666
1.1662775
0.9951601
0.89972967
0.9515114
0.9854529
1.0596777
0.982669
1.0195647
1.023185
1.036129
1.0390176
1.1213341
0.9270152
0.91023874
1.0884689
0.96185184
1.027295
0.9474169
1.0645955
1.1592339
1.0448301
1.097609
0.9852052
0.9441881
0.9299634
0.9245163
1.1067518
0.94170725
1.1248479
0.9342718
1.0364398
1.0136535
0.95196384
1.1144297
0.89790726
0.9466933
1.0248234
1.0566887
0.8402773
1.0922792
1.0781687
1.054316
0.89058685
1.0332501
1.0516146
1.0350273
0.937775
0.84566367
1.0290755
1.1011591
1.1268893
0.94593775
1.0603861
1.0596303
0.9610554
0.9277068
1.0324873
1.1072931
1.107447
1.0138662
1.0438398
0.96172094
1.0109298
1.0573752
1.0840842
1.0027117
1.2243364
0.9919338
1.0263827
1.0688764
0.93231237
1.0398862
0.91631997
0.95577574
0.8494235
1.0820369
1.2086346
0.9439766
0.92487186
1.0467268
1.0698054
0.98496115
1.0032912
0.8651621
1.0552112
1.1926686
1.1458315
0.9642742
1.1744546
1.0546879
1.1777875
1.077438
1.0106511
1.071137
0.91774017
1.0495045
0.8376006
1.1161451
1.0921817
1.0722073
0.9884977
1.106832
0.85620105
0.8809093
0.9113497
0.9441908
1.1273417
1.0632296
0.86835015
1.1372802
0.9759949
1.0359694
1.0981188
1.1554687
0.9782845
1.034143
1.0331138
1.0699311
1.0565157
1.1455412
1.1440002
1.0249864
0.86086535
1.0132505
0.98247886
0.96408844
0.90691
1.1016535
0.97513264
0.9850229
0.96781576
0.8813891
1.0445482
1.007212
0.94005936
1.0125872
0.97345906
1.0992192
0.9173883
1.0642257
1.1358609
1.0134666
0.8842863
1.0505053
1.0931126
1.0475895
1.0604018
1.0668051
0.8560983
0.96399856
1.0745059
1.0337336
0.993517
0.9505421
1.0727159
1.0346872
1.2274246
0.96992505
0.94075835
1.0479954
0.889277
1.0408335
1.0615784
0.9758475
1.0269645
1.0227188
0.9603826
1.0264546
1.11321
0.8429417
0.9938568
0.973647
1.0683949
1.1841553
1.0613275
1.0175335
0.97646
0.9886777
0.86961204
0.955101
1.1292659
0.9021611
0.97748715
1.0220711
0.9609524
0.96377546
0.9118844
1.1189432
0.8778763
1.0890478
0.97687775
1.0673825
0.97117996
0.87537897
1.0437639
0.9306979
1.0623599
1.0232326
1.0513352
1.184877
0.85304403
0.91328335
0.95976067
0.99050426
1.0718353
0.9104767
1.0640893
1.1804818
0.9408184
1.0442418
1.063128
0.98886395
1.1150043
1.0178869
1.1595644
1.0051262
0.93888354
0.9984808
0.99599445
0.9323808
1.0303674
0.98301196
0.8950271
1.0578089
0.9500631
0.93396854
0.9105134
1.0606654
1.0208745
0.97101015
0.86560595
1.0806565
1.0784665
0.94279534
1.057329
1.0527797
1.0678947
0.99256593
1.077682
1.0754162
0.90860236
1.028577
0.8570949
0.89321494
1.1015459
1.0004448
1.1329252
0.9218558
1.069511
0.96686906
0.93437994
1.0814552
1.0273684
1.0389525
1.0510858
0.89240515
1.0223323
0.99083364
1.1487237
0.9979848
0.973479
1.005697
0.9862398
1.0119327
1.0607549
0.8970438
1.0025297
1.1023467
1.0421013
1.0619407
1.1481473
1.0593776
1.1236602
0.9190717
1.0670488
1.0387717
0.91278225
0.9654501
1.0346657
0.9396801
1.0898392
1.0114071
1.0942985
1.1252975
1.2114277
0.8982456
1.1117761
0.9818343
1.1214325
0.9256005
0.9948056
0.9186262
1.0200546
0.8830434
1.001696
1.000517
1.0572294
0.9630696
0.8496704
0.93523246
0.992278
0.9143045
1.0536598
1.0481923
0.8961009
1.1012884
1.08893
0.88125587
0.8941769
0.9355496
0.9084029
1.0058721
1.1987714
1.0485758
1.0213189
0.95906293
1.0523235
0.9012195
1.1059133
1.0001088
0.924739
0.8718212
1.0509727
0.85521877
0.9394951
0.87184334
1.2031847
1.0477884
1.032892
1.070162
1.0844401
1.0340153
0.87743014
1.0181665
0.97792554
0.9352151
1.0667516
1.0108893
0.88362503
1.1181172
0.76801264
1.0905284
0.96013176
0.9691117
0.98063856
1.0609294
0.9791109
1.0135716
1.0211949
1.0278131
1.0383338
1.0364164
1.1224527
1.0745802
1.1435549
0.9550004
0.9054573
1.1467838
0.9265915
0.9689534
1.113076
1.0176837
1.0150497
1.0788925
1.039506
0.99703485
1.0615982
1.0260602
0.9316571
0.9915254
1.0610837
0.81574404
1.0312393
1.1028625
1.022049
0.87788326
0.9935138
1.0515224
1.0855907
0.9942875
1.1010519
1.0828768
1.0949446
0.908476
1.0032489
1.0515938
0.96453464
1.0170914
1.0287691
1.0003525
0.94231075
1.034087
1.021352
0.9850477
0.8007473
1.0605612
0.97025204
0.9030915
1.0960959
1.0421834
1.0264124
1.0904104
1.0704335
0.95031905
0.97532225
0.91407794
1.0460536
1.172255
1.0024885
1.0171094
1.0626383
1.0208074
1.0508893
1.1161431
0.933034
1.0020294
1.0071348
0.9722693
0.989768
0.9498019
0.9846287
1.0484172
1.0227132
0.9273917
0.93178755
1.007747
1.1382557
1.0523033
0.9401997
1.1707598
0.95035976
1.0746125
1.0960512
0.93739295
0.9146072
0.9723835
1.0865026
0.9671424
1.0022389
1.1692766
1.1205516
0.86969936
1.0694413
1.0446234
1.1096693
1.0407158
1.1132778
1.0562179
0.905783
1.0517138
1.2313673
1.0866609
0.8610025
1.0161428
0.96270347
0.9835355
0.9246708
1.0514361
1.0548564
1.0810478
0.9383472
1.0040622
1.0505213
0.9887148
1.0787569
1.0167413
0.9188883
0.9335507
1.1061299
1.0330036
0.99409556
0.9359126
0.9626281
1.121073
0.9599718
1.0191629
0.86276644
0.85512614
0.9468455
1.0845697
0.9148799
1.0796015
1.2007204
0.9013418
0.98972356
0.875804
0.91164744
1.0763391
0.8816465
0.99216753
0.92518306
0.983817
0.95112526
0.99539375
1.0404587
1.0914325
0.96665996
1.0665116
1.0554613
0.9848237
0.9938779
1.022302
0.98165
0.9952287
0.9622904
1.1381873
0.97218454
0.9669461
1.0377244
1.130617
1.0132747
0.9396815
1.0742673
0.91872936
1.0512962
0.93004364
1.0756526
0.96211946
1.0122452
1.0265028
0.99647987
0.9723989
1.0650169
0.9482279
1.110701
1.0516597
1.0767034
0.9749868
1.0663834
1.015891
1.0573163
0.9288764
1.1742427
0.94429886
0.9211266
1.084818
1.1077216
0.99707246
0.963099
1.1348597
1.0725931
1.08981
1.0526068
1.0787394
1.0160664
1.0514119
0.8682029
1.0594298
0.9067283
0.94673675
1.1312851
1.0992979
1.1222807
1.0737888
1.0174524
1.0883
1.0067831
1.1043115
0.9930327
0.8966251
1.06518
0.9547963
0.96564883
1.075524
1.002388
0.94023573
1.041654
1.0965878
1.0286474
0.924893
1.1049353
0.96213675
1.0441154
0.93952477
1.110739
1.137549
0.9407126
0.9350339
1.0509344
1.0835217
1.0532373
0.95631707
1.0166621
0.9979441
1.0062294
1.1219586
1.1523803
0.9832979
1.0247877
1.0507543
1.0657864
1.0176489
0.9701695
0.948752
1.0257602
1.1008395
0.9042358
1.1483902
1.0172093
0.99186814
1.1280634
1.0617812
0.938411
1.0263947
1.0124224
1.0943046
0.94538057
0.96978736
0.89565617
1.0434853
0.9640243
0.93254983
1.0035391
1.0498827
1.1095551
0.9850625
1.055371
0.9326423
1.0616747
1.1359582
0.983322
0.8722777
0.97686017
0.9331786
1.0510561
1.1403327
1.0358973
0.92268
1.0531377
1.0181094
1.0385474
0.92618215
0.9675546
1.0957046
0.9411221
0.9002746
1.0168728
0.97803426
0.9717039
0.8499701
1.0472972
1.0245647
1.0564756
0.92773676
1.0691823
0.9129877
0.89669
1.1029036
1.0246117
1.0258461
0.9956332
0.8437597
0.9483479
1.0912981
0.99554265
1.056512
1.0898893
0.9158937
1.0151939
1.0705826
1.0202979
0.933319
0.8857527
1.064086
1.1062651
1.1802502
1.1658524
1.0026209
1.0184605
1.0130097
0.9444626
1.0756426
0.99434197
1.091141
0.9866981
1.0439256
0.8465237
1.0376147
1.0984436
1.0399641
1.0591934
0.9013521
1.0633055
0.9770379
0.93628263
1.1695439
1.1741991
1.1184932
0.9757337
1.0236374
1.0055292
0.9887395
1.0123593
1.0509049
0.99331033
1.005415
0.8860272
0.9304313
1.0780114
1.056504
0.9939592
0.979987
1.1693833
0.8564398
0.89954567
1.0574812
0.9683355
0.9872786
1.079987
1.1357756
0.96359324
0.9936949
0.9520955
0.9582621
1.0638661
1.080323
1.0746118
1.0352802
0.94337845
0.9659631
1.0950558
0.98337364
1.0384221
0.91151214
1.0706111
0.96754533
0.8851582
0.9638246
1.0866863
1.0142251
0.90887654
1.1032321
1.0081068
1.1439284
1.1338416
1.1886644
1.1173635
1.1160699
1.0590458
0.9140068
1.1567411
1.1395283
0.9499074
0.8792958
0.9741789
1.1645137
1.0558925
1.03534
1.0282494
1.0557165
1.0532684
1.0085648
0.91519856
1.0306388
1.0423523
1.1818337
1.0572488
0.92262053
0.8956505
1.1571741
1.0610985
1.0552752
1.0825944
1.0829331
0.8618272
1.05932
1.0070766
1.1367481
1.0993781
1.1810893
1.0233641
0.98398554
1.012533
1.0712953
0.93866134
0.9769666
0.9870532
1.0396057
1.0040044
1.1139039
1.0445527
0.9308504
0.9606339
1.0757678
0.951931
1.0012966
1.0967079
0.8390484
1.1035554
1.01984
0.8932402
0.93475974
1.0678812
1.029963
1.0940627
0.86525
1.0514983
0.94154966
1.0772583
1.0454104
1.0481529
0.97199
0.9551983
1.0835893
0.9356147
1.1125857
1.0483172
1.0981593
0.9294578
1.0267481
1.1035134
1.1613559
1.040785
1.1134766
1.1127309
1.0459379
1.0663439
1.0382024
0.9703876
1.0427762
0.885023
1.0984716
1.0004622
1.000571
1.153526
0.9071207
1.1373935
0.9974667
1.09665
1.0858492
0.9108976
1.1306797
1.0279517
1.0669811
0.9827888
1.046195
0.9940511
0.9691888
1.0032341
0.90883446
1.0683665
1.1080669
0.9366149
0.9845711
0.96987367
0.92607164
0.9532785
1.11121
0.78461486
0.94399476
1.0698624
1.0807444
0.84286666
0.8914261
0.9565489
0.984896
0.9713595
0.8544868
0.93905807
1.0365806
0.88538826
0.8564187
1.0303669
0.9883512
1.0348588
1.0080887
1.0535159
1.2045587
0.9895115
1.095382
1.168407
0.8925454
0.9552512
0.8184283
1.1100316
1.0729489
1.0935285
0.9344516
1.1054187
0.89784956
0.9184474
1.1346568
1.0326166
1.0346004
1.1511482
0.947487
0.8461136
0.99869734
0.9933133
0.9656229
1.0390843
0.95476234
0.97265196
0.96336466
0.932376
1.0548801
1.0082378
1.2260615
1.0383242
0.98267055
1.0935489
1.0561827
1.0554808
0.9840082
1.1329291
0.8790091
0.92715937
1.1190019
1.0037483
1.0253639
1.0393354
0.9810181
1.105083
0.84854275
1.0155021
1.0468702
0.8862971
0.99383116
0.92732596
0.9835315
1.1094481
0.9743012
1.0321116
1.092534
1.0186636
0.96224964
1.1055877
1.0614041
1.0115641
1.0466659
1.0676825
1.088278
1.0675526
1.1208168
0.89011127
0.92639136
1.0919099
1.1340183
0.93103117
0.93863493
0.93390435
1.0326723
0.84120476
1.2019165
1.2141212
1.1841241
0.9225104
1.0045158
0.94422317
1.0689782
0.9254358
1.1665825
1.0930663
0.9947551
0.99949026
1.025651
1.0861797
1.0031056
0.95279264
1.1460394
1.049516
1.1017886
1.0434219
0.9677214
0.9656198
0.9066658
1.0519367
1.0522015
1.0573949
1.0791602
1.0308977
1.0375763
1.0040207
1.2121466
1.083692
0.898385
0.9250169
1.0557679
1.0331852
0.943807
1.0241565
1.0800384
0.97233766
0.9521709
1.0168709
1.0338006
0.9354669
0.88393515
1.1062707
0.9981638
0.99999547
1.1832923
1.1357903
1.1293561
1.055254
1.0489448
1.0096655
0.9535349
1.0676895
0.89668024
1.0748676
0.93514836
1.0316238
1.067834
1.1104267
0.767314
1.1531875
0.924945
1.0170499
0.9991641
0.9811679
1.1056615
1.1027445
1.0815464
0.95888376
0.97884643
0.9277878
1.0635355
1.0231341
0.8737858
1.0384295
0.9958424
0.9867563
1.1610994
1.0020734
1.1640813
0.9435656
0.96078527
0.9889383
1.0083013
1.1592815
1.0526744
1.0400056
1.1165438
0.9714644
0.9831898
0.9557182
1.0823607
1.1097537
1.0270311
1.0839059
1.0628238
1.0244383
0.8155204
0.9989505
0.96994615
1.0501068
1.0166967
1.071555
0.85105747
1.0909915
1.0515985
0.87501234
1.0170113
1.0507632
0.9485948
1.0624285
1.0423546
0.8336601
1.0214272
1.0001124
1.1134809
1.0815103
1.1545396
1.0218383
1.026446
0.96947783
1.1588175
1.009445
1.0034837
1.0977861
1.0354123
0.90573645
1.0842398
0.89774173
1.174928
1.0945069
1.0981128
0.8824784
0.8168764
1.0547084
0.9323235
0.9968858
1.0809098
1.0359701
1.0882087
1.0423508
0.9323632
1.1006405
1.1132789
1.0523562
1.0692039
0.96352607
1.116502
0.972222
1.0650012
1.0883886
1.0761138
1.0138022
1.0135987
1.0244889
0.8029275
1.0076154
1.050346
1.0664717
1.0761901
0.98380244
0.89359844
1.0645604
1.0301696
1.048223
0.90282524
1.0732288
1.0400982
1.119762
1.0950593
1.1296382
1.1465043
0.9829698
0.9954355
1.068252
1.0156405
1.109808
0.9607519
1.07205
1.0128403
0.96624976
0.97097343
0.9373734
0.9324355
1.0152004
1.0962808
1.0642765
1.0857782
1.11808
0.93978435
1.0733665
0.8910516
0.9146482
1.0372921
1.1625642
0.8919679
0.9976605
1.0945805
0.8882875
1.1036862
0.81290597
1.0666718
1.0625241
1.1127235
1.1256799
0.9635308
1.1645187
1.0732338
0.9405776
1.0924181
0.97362393
0.8674779
1.1098231
1.1393276
1.1146767
0.92073774
0.944992
0.89849925
1.0913798
1.101104
1.036717
0.83240706
0.9685334
1.1077511
0.9204242
1.0339183
1.0753316
1.0341444
1.0026716
1.0533501
1.0938519
1.0418413
1.0002122
1.0826211
0.90314496
0.8987341
1.0109452
0.9396703
1.0658077
1.0284855
1.021883
1.0426599
1.0007473
0.9370754
1.0245817
0.92780936
0.9431877
0.95854545
0.8989341
0.9813255
1.0636196
0.9229636
1.207955
0.8900099
1.01641
1.0089858
0.9019648
1.1130843
1.0598547
0.8972676
0.96570694
0.9144863
1.0835819
0.85856104
1.0941297
1.0591018
0.9475978
1.0277385
1.0784615
0.9888818
0.8861258
0.98092055
1.1221431
1.0630457
0.8827619
1.0748588
1.0442256
1.0892553
1.0244286
0.8667147
1.0868548
1.009058
0.9984789
0.9405057
0.9435631
0.9392385
0.9848973
0.93972874
1.1044865
0.930418
1.0512191
0.99804795
0.8727182
1.1047547
0.86329484
1.0936878
1.000338
0.9339447
1.0225666
0.9382752
1.1013913
0.9921819
1.0731398
0.92247474
1.0255029
0.84546804
1.0338644
0.9748167
0.94546056
1.1481689
1.0397003
1.013731
1.1831635
1.0137448
0.86407995
0.8592763
1.0619775
1.1008071
1.0597239
1.1192511
0.9503783
0.9682982
1.1216558
0.9156914
0.99645
0.99077404
1.1463817
1.152581
1.0438452
1.1305592
1.1214737
1.178213
1.111724
1.0457075
0.8205179
0.9587947
1.1414006
1.0161095
1.044303
0.96696734
0.90894026
1.0295107
0.93082464
1.0786493
0.9191604
0.9932803
1.1283188
1.0606189
1.0440441
0.85310626
1.0708673
1.0335784
0.9246554
0.8685502
0.97600627
1.0449697
0.855343
1.0494324
1.0693065
1.0919576
0.958856
1.0437578
0.94954085
1.0812018
1.0469221
1.0694181
1.106567
1.0480247
0.7760385
1.1031128
1.0533434
0.94890535
1.0678316
1.0231625
1.0333484
1.0114005
0.90395725
1.02631
1.0752808
1.0017579
1.0071778
0.96188664
1.053845
1.0227681
1.0947824
0.9522076
1.0060227
1.0381413
1.0316509
0.9537967
1.0528778
0.98142433
0.95102334
0.85373086
1.0680392
1.0271361
1.0639931
0.82505846
0.8999891
1.018015
1.0398178
1.1038258
0.94326603
0.9933154
0.9974446
1.0464779
0.95136625
0.92286
0.9872576
0.9418347
1.0739721
0.9954344
1.1936375
1.0131911
1.0481315
0.99171627
0.9555619
1.0012995
1.0416061
0.93187416
1.0920025
0.99553967
1.0940052
0.8928045
1.0315863
1.0317825
0.8520434
0.9568051
1.1224518
1.049289
1.0528239
0.97358704
1.1294782
0.95560765
1.0913355
1.0514113
1.0454733
1.1674845
1.001645
1.0439671
1.0855753
0.9433887
0.98186064
0.9023244
1.0039122
1.0143607
0.9746677
1.154648
1.1457007
1.0514442
1.0463243
1.137509
1.0736266
0.93163884
0.97285664
1.054976
1.0450374
1.1799185
1.0268066
0.88115895
1.1051046
1.2072369
1.0601325
1.0769856
0.98142636
0.87946737
0.9513668
1.0203316
0.96801376
0.8755994
1.0315785
1.1074469
1.0612354
1.102898
1.1534066
1.002134
1.0588402
1.0199475
1.1215947
0.9020473
0.9881556
1.1183069
0.9394673
0.96017015
0.8947525
1.1530674
0.9453714
1.0493311
1.0468044
1.0496535
0.98010564
1.0390556
0.99585605
0.89089304
1.0343431
0.9067733
0.9525511
1.0646311
0.96117127
1.1477652
0.9993715
1.0325553
1.0115559
0.88942987
0.9708009
0.90018624
0.96638787
1.0334558
1.0861851
1.0442945
1.1734035
1.0940106
0.9906546
0.93505365
1.0352288
1.0391994
1.0791452
1.0697384
0.90682626
1.0568864
0.96286535
0.9907634
1.1579593
1.0202849
1.0846353
1.195552
1.18162
1.069751
1.0048172
1.0129813
1.063967
0.990847
0.9624561
1.0872551
1.113815
1.052246
0.86380696
1.1060851
1.0904844
0.8999526
0.84526217
1.0004729
0.9924239
0.98763347
1.0845653
0.9015933
0.9639296
0.9154414
1.0213294
1.1109703
0.9275133
1.06554
0.96950436
0.9548162
1.0406076
0.9777394
1.0321361
1.0110328
0.9500344
0.9023936
1.110057
0.9936241
1.1296349
1.143011
0.97597384
0.93920404
0.91569674
0.90886986
0.7784542
0.99084425
0.93906844
0.971188
1.1776664
0.9907639
1.074492
1.0114075
1.165455
1.0772715
0.96420276
0.9881806
1.0198969
1.0440228
0.9212382
1.070779
1.132636
1.1256485
1.0623174
1.0469723
0.8880986
1.1117971
0.9465591
1.0826477
0.92499614
0.91567385
0.9256482
1.0618538
0.8960527
1.040875
1.0002325
1.0057319
1.1046236
1.1114184
0.9929266
1.0023564
1.0278078
1.1368219
0.8682101
1.0136356
1.0579906
1.0429926
1.0132184
0.9582344
1.1806701
1.0845313
1.041157
1.0814058
1.234421
0.96215093
0.95220035
1.0952686
0.8667344
1.0703859
1.0200106
0.9303165
0.8990693
1.0877622
0.9766399
1.0550507
1.1102468
1.0888494
0.90707815
1.1050904
1.0558896
1.0141507
1.0238849
0.99856377
1.0301678
1.0011692
1.1306756
0.91224784
0.98080266
1.0461675
1.0589553
0.9272625
0.9150581
0.873062
1.084128
0.94830465
0.8576751
0.9730221
1.022284
0.90272737
1.0383013
1.0437733
1.1388384
0.9596001
1.1283925
0.940032
1.0596138
0.95292604
0.9801177
0.9875773
1.0750123
1.0041034
0.95893234
1.1237705
1.0890833
0.85857105
1.1097287
0.90735304
1.0736883
0.9754178
0.9248198
1.1034118
1.1153208
0.96087474
0.9201139
1.0091792
0.8774284
1.071929
1.0918804
1.0194305
0.8358523
1.0043235
0.9460201
0.85700417
0.89226186
1.0516845
1.053987
0.9483698
1.0006865
1.0319904
0.84525126
1.089437
1.0412581
0.96340656
1.0875194
0.96946895
0.94749165
1.1138122
0.89975727
1.1573583
1.0988239
0.8812809
0.88668644
0.9529736
0.9405763
1.0180444
1.0040634
1.0472358
1.0435617
1.0321656
1.0420184
1.110039
0.9635575
0.9790849
0.9458139
1.0086294
1.1419258
1.0057734
1.2266028
0.97531617
1.0653191
1.0597746
1.0989401
1.0701975
0.86802816
0.97021866
1.0444357
1.0883294
1.1410928
0.8534822
1.093427
0.99165726
0.9483851
1.0575646
1.0893377
0.89170045
0.8429768
1.0249063
0.93785906
0.9894586
0.9877675
1.022499
0.93944025
1.0407149
0.8961562
0.96923196
1.0357356
0.8733597
1.0502328
1.1228104
1.0121735
0.99118984
1.0299661
1.0047749
0.94876707
1.0124261
1.0257415
1.1033407
0.98983455
1.0164386
0.9693792
1.0216049
0.87726605
1.0461816
0.9052794
0.942945
1.0316193
1.0593067
0.94183874
0.935663
1.0375086
0.9029032
1.0149354
0.91596085
0.9894855
0.9969075
1.1170288
1.1224632
1.0816525
0.7998972
1.0416166
0.8662095
1.1427236
1.0228205
0.8805853
0.9631829
1.1336629
1.02813
1.0896372
0.92217565
1.0350935
1.0434613
0.9419879
0.91352963
1.176803
1.0172608
1.1037784
1.0952882
0.95245916
1.043043
0.9593233
1.0762223
0.8677912
1.0072885
1.0686382
0.96447945
1.0019311
1.0266002
1.048086
1.0906392
1.0014532
0.93459916
0.9441643
1.1551309
0.9332659
0.9397762
0.99557364
0.9687989
1.055284
1.038048
0.9097946
1.047267
1.1618223
1.0646942
0.8849045
1.0304683
1.0126779
0.87251425
0.94987303
1.0494214
1.1183698
0.9875399
1.1046063
0.9974167
1.0593868
1.0653177
1.043584
1.0342809
1.0926793
1.0834583
1.1664178
0.9761516
0.9905766
1.0085411
1.1161772
0.9845288
1.146312
0.9191644
1.0636405
0.9078116
0.9524323
1.105281
0.88478243
0.90299124
1.0124025
0.97128934
0.95164555
1.0460762
0.9817006
1.0144055
0.98604643
1.0607975
1.1453562
1.0186075
1.0891114
0.9598458
0.956627
0.9231008
0.99275565
1.1377324
1.1583526
0.84427506
1.0283444
1.0516363
1.0175465
0.93807817
0.86708754
0.9252972
1.0722723
0.99348724
1.0386443
1.1121687
0.98664224
0.9475784
1.05299
1.0142875
0.9451009
1.0628587
1.0457473
1.0621395
1.0914452
0.9125856
0.87676895
1.0543333
0.91566145
1.1921381
0.8893813
1.1135442
0.9708497
0.83132946
0.94386744
0.9164574
1.0644575
1.1106124
1.1194121
0.94280374
1.0178148
0.83898985
1.0117363
0.9041536
1.0198396
0.99745
1.1552027
1.1027136
0.92999554
1.1076298
1.1021665
0.9582747
1.0392257
1.0645419
0.9577644
1.1308888
1.0052255
1.1968472
0.8848704
1.2113664
0.97873366
0.8951544
0.9821956
0.9530956
1.0674766
1.1584611
0.83905435
1.0803437
0.8975151
0.8069438
1.1392694
0.9635428
0.9474427
1.0169983
1.1458354
1.0036494
1.0067211
1.0864984
0.98615026
0.99517584
1.0905715
0.8794558
0.92328954
1.0476443
1.0562785
0.94516265
0.97154284
1.1151736
1.2042191
1.1658467
0.905977
0.992744
0.9981726
1.0032892
1.1005158
1.1190627
0.93447375
1.0761645
1.0271841
1.0572082
1.0966353
1.1063695
1.0460756
1.0902405
1.150654
1.0755315
0.91906536
0.9136443
0.9055658
1.0041107
0.8521362
0.9855474
0.99912035
1.0249168
0.89907783
1.1827471
0.8683784
1.0489339
0.94165564
1.0235835
1.070468
1.0559509
0.85448164
1.0558615
1.0393844
1.0853486
1.0981957
1.008106
0.91890097
0.94647455
0.91659427
1.0393357
1.1143652
1.018068
0.9856983
1.0541489
1.1372694
0.972895
0.86059684
0.9639477
0.9989729
0.97478735
1.0282551
1.0501521
1.0751988
1.04544
0.94303715
0.8262067
1.0026929
0.87038696
0.9016669
0.83998024
0.9187496
0.960032
0.9142901
0.9059695
1.0216645
1.0253963
0.8790816
0.9021994
1.0688798
1.0429494
1.0415854
0.85881376
0.90670943
0.86113393
0.9372187
0.9415705
1.0335449
1.0546821
1.080228
0.954393
1.0542519
0.90690136
0.8629277
1.0535737
0.9852562
1.0251052
0.8540834
0.90466934
0.9806021
0.85294884
1.0125469
0.82317114
1.0484662
0.9817945
1.076059
0.8794012
0.87051755
0.8610545
0.9625647
1.0010673
0.85742277
0.98678285
0.83103216
0.9772546
0.9363388
0.9861201
0.9428018
1.0463924
0.8618915
1.0684694
0.9283693
0.98903537
0.9832244
0.9658666
0.9280821
0.9583721
1.1413116
1.0640289
0.91182876
0.85728747
0.96804214
0.8843932
0.9751484
0.89500797
0.93373185
0.9168956
0.90786475
0.81417537
0.94793695
0.89807487
0.9002608
0.8908899
0.8725544
0.8967885
0.8470584
0.9547745
0.83033
0.86209464
0.84968257
1.033278
0.8958129
0.96727324
1.1446446
0.77467895
0.87690043
0.93090886
0.98817205
0.7761547
0.875211
0.90902555
0.967837
0.87747014
0.8289126
0.99945307
1.006095
0.94790494
0.92691064
0.94586885
0.8332202
0.90475
1.1233864
0.92696434
1.0428954
0.8875638
0.9836173
0.86308265
0.96172
0.99399185
0.9635719
0.88997674
1.0483046
0.8856106
0.820974
0.79423165
1.1308191
0.7648113
0.8900587
0.96110475
1.0825678
1.1928314
1.0307925
0.97116596
0.8559568
0.9315783
0.7768697
1.0517414
0.8607
1.0388305
1.0767353
0.8531289
1.1782358
0.8645412
0.8566581
0.780457
0.87082744
1.153991
0.9846021
1.0201503
0.96267915
0.99684024
0.92673945
0.9195182
0.7823695
0.86582947
1.0701262
0.97518754
0.9112525
0.9263158
0.89014083
0.8921168
0.99160737
0.8602736
0.937358
0.9334733
0.808746
1.1539805
1.0831445
0.9746477
1.0110958
1.0407628
0.8788457
0.8757809
0.91500396
0.96762353
1.068436
0.8013998
0.86279917
0.9297042
0.9584526
0.9493873
0.95841855
0.9461004
0.92693925
0.88390005
0.8802063
0.82501066
0.9555503
0.98452437
0.91439813
1.0631659
0.9750787
0.9754082
0.8863085
0.98568606
0.8060407
0.9750426
1.0587177
0.92684317
0.8541149
0.8865113
1.106164
0.9593045
1.0636759
0.9186691
0.88701093
0.935136
0.9545461
1.0314295
1.1338607
0.83807844
1.0784501
0.9141247
1.0086551
0.8596513
0.9180995
1.0058465
0.8871837
0.814527
0.88144004
0.8373469
0.88970786
0.85478336
1.0066698
0.8627664
0.9273217
0.92082417
1.0798334
0.8966296
0.9731542
1.11501
1.0954142
0.84516287
0.989962
0.87104297
1.1117662
0.8801986
0.83225477
1.078271
1.099733
0.90786016
0.84542644
0.98185325
1.0263469
0.9453992
0.7891637
1.048224
1.0500236
0.86012536
0.91286016
0.84902143
1.1355813
0.8107332
0.9477906
1.1092781
0.95907193
0.9604191
0.83365977
0.99661195
1.0290922
1.0426066
0.82489717
0.9078451
1.0624615
0.94094026
0.9926549
1.0348048
1.0070033
0.99775714
0.86455274
0.85350454
0.9380188
0.94358397
1.0736458
0.89890647
0.9264467
0.8776959
0.8379314
1.0004101
0.8862914
0.8597696
0.8531646
0.83983755
1.0631177
1.0848914
0.88999677
1.127361
0.9710792
0.86558515
0.8882967
0.93509066
1.0144764
0.9181334
0.89322114
0.93238616
0.883101
0.8292532
0.7948072
1.0028703
1.1116706
0.91438735
0.8925557
1.0171218
1.0964221
0.9990845
0.8530712
0.9136183
0.934794
0.9637934
0.8261447
1.021956
1.1956542
1.1104689
0.98501205
1.0813414
0.919472
0.9564256
0.9361063
0.9335784
0.9785286
0.92178905
0.94677734
0.9065194
1.0248195
0.9396024
0.923566
0.87381816
0.782398
1.0645146
0.8987868
0.9539809
1.0441041
0.8579519
0.784549
0.962186
0.93056107
0.9988684
0.9149282
0.8475791
0.9815482
0.93954504
0.817811
0.9670545
1.0150411
0.91021293
0.9072528
1.0253992
0.9697523
0.9211118
0.8625332
1.044795
0.96198267
1.0532087
0.9026954
0.87822044
0.8414117
0.90332234
0.850507
0.95758814
0.9272351
0.9239006
0.9747367
0.83196557
0.91954374
0.9630971
0.8242005
0.8773478
0.8359531
1.0262959
1.0258435
1.0482559
0.83513784
1.023429
0.8836544
1.0346515
0.8675029
1.0719545
1.0026556
0.886741
1.0081425
0.94129753
0.915133
0.79225755
0.80444777
1.1041678
0.9185102
0.90829796
0.8506559
0.9244875
1.0809239
1.0985805
0.78567886
0.9859963
0.99750566
0.79424286
0.9804263
0.97144
0.9102963
0.8649842
0.88720655
1.1020136
0.89514935
0.87287855
0.8613309
0.88147825
1.0125657
0.92544204
0.86722517
0.923604
0.9452782
0.80053455
0.93206644
0.8619039
1.0233542
0.9180801
1.0711144
1.0479634
1.1101863
0.86441815
1.0687984
1.1445147
0.91240406
1.0390984
1.0108345
1.0080712
1.0079536
1.1150694
1.0576335
0.90053296
0.9800267
0.94248796
0.8052083
0.92241
0.9297049
1.0535247
0.93042815
0.87806
1.0680312
0.9071151
0.837536
1.0419245
0.93315524
0.8951948
0.86644423
0.8695738
0.8204577
1.0478109
0.95360804
0.8349107
1.1023318
1.0165151
0.9827744
0.88477147
1.1028149
1.1405967
0.99415046
1.0680889
1.0555907
0.91036075
1.18175
0.8464161
0.88597405
0.83707035
0.8814126
1.0428754
0.98580587
0.90871596
0.8990599
1.0650886
0.9425266
0.90781677
0.81937575
0.84474605
0.8469502
0.96496326
1.0540985
0.819351
0.9082477
0.9173367
0.85045886
1.0951984
0.8897897
1.0367175
0.8584926
0.92663777
1.0085614
0.9024581
0.9179534
0.93061244
0.8920584
0.9676889
0.8870841
0.937675
0.8187253
1.0106851
0.9136798
0.923033
0.95627534
0.91545856
0.8528808
0.8160602
0.81725895
1.0273131
0.8306987
0.8793225
0.9227942
0.8072779
1.0365678
0.9793309
0.9422617
0.9755026
0.8792151
0.95137
0.9590782
1.0061042
0.85971147
1.0252091
0.8743171
0.87374794
0.94114923
0.84689295
1.063748
0.8695946
0.93947834
0.91473705
0.96631014
0.7714784
0.90087056
0.8990689
1.0784734
0.9092562
1.045231
0.86999
1.017108
1.0354245
0.9529804
0.9119853
0.8705224
0.89308494
0.967564
0.87634367
0.9347725
0.9245522
1.0089068
0.9266796
0.9504612
0.8893311
0.92397887
1.019911
1.0622766
0.8713449
1.0417904
0.9859901
0.9660006
0.8782948
0.93759
0.9080621
0.8857101
0.9630426
1.0631112
0.9694527
1.144584
1.0325955
0.9305128
0.8395964
0.8334909
0.99671626
0.928406
1.0157758
0.8669064
1.0929432
1.0820814
1.0570071
0.9342124
0.9084146
0.86202955
1.1112671
0.9409735
0.900475
0.9743527
0.97349644
0.8897426
0.9484165
0.8909795
0.8185035
0.76730394
1.0048325
1.0359001
0.8259202
0.882228
0.9426073
1.0984274
0.8438405
0.89864945
0.8222177
0.99566144
0.9205981
0.86125964
1.012948
0.92010474
1.0605851
0.90620565
1.05491
1.0323898
0.8604551
1.0634383
0.9179616
0.8226086
0.8740729
0.8392824
0.9189892
0.98148084
1.0542487
0.95246094
0.8985739
0.9301049
0.7905396
0.9229987
0.97569156
1.066097
0.7909205
0.96538055
0.8688516
0.9321598
0.9602494
0.9907519
0.92460704
0.9618883
0.8039093
0.94886535
0.8113771
0.8894708
0.8100927
0.7713161
0.7803838
0.9229498
1.1800791
0.86651003
0.99990416
0.8942296
0.7991417
0.98060566
1.012728
0.81619024
1.006917
1.0583657
0.90077525
0.80294096
0.91062903
0.8982022
1.0340183
1.1416237
0.8656988
0.8659096
1.0527798
1.0096533
0.817159
0.83793294
0.9193867
1.0547272
0.8710957
0.98390484
1.0845836
0.93794
1.0536076
0.99391305
0.87275046
1.0021422
0.8677142
0.9566103
0.98240346
0.9179193
1.0151485
0.9073794
0.82388884
0.9729805
0.95601475
1.0737125
1.0438179
1.0311898
0.87601846
0.977904
0.9892657
0.9108789
1.0417497
0.95021635
0.9238885
1.000069
0.9148844
1.0019225
0.9506767
1.064767
0.8995117
0.8619294
0.8806858
0.98310137
1.0306072
1.0193293
0.9127779
0.9298726
0.8114603
0.8802509
0.89013845
0.8996856
0.92540085
0.8578253
0.9333212
0.83196414
0.82618004
0.85867214
0.9049404
0.8265115
0.8325733
0.94075775
0.89992094
0.9349166
0.9610561
0.871937
0.917307
0.91455925
0.9776599
0.8662344
1.034927
0.8180815
0.9556525
0.89311785
0.9109441
0.94885564
0.9787511
0.8249271
1.0513045
1.0269986
0.9432112
0.8774115
0.85340065
0.892586
1.1274263
0.8534595
1.1007704
1.0470556
0.9110583
0.82673615
0.861132
0.7990566
0.9168055
0.87050617
0.90851927
1.1182526
0.79495513
0.93404055
0.96071005
0.8079759
1.008929
0.9731165
0.9503778
0.9086219
1.050172
0.82282996
1.0057606
1.0123216
0.964539
0.9788258
0.9943621
0.9234129
0.82022166
0.93481755
0.8668268
0.76312685
0.9837978
1.0447094
0.89574885
0.95153946
0.8429184
0.86273634
1.0180675
0.92858875
0.78227913
0.86226225
0.90552217
0.90891254
0.9230143
0.9476769
0.8680839
0.8482357
0.91071486
0.91485536
0.88102704
0.8801204
0.99836683
0.84674466
0.8685167
0.9020934
0.9549506
0.94844353
1.0029737
0.8696522
0.954219
0.8576286
1.0653143
0.85099554
1.041373
0.85733247
1.0996568
0.8103224
0.9694938
1.0555787
0.9548118
0.9632716
0.9353934
1.1644493
1.07314
0.8360158
0.9037107
1.0375952
1.0254734
1.006214
0.8904582
1.0301603
0.8685622
0.92175555
0.9102684
1.0702916
1.069649
0.8905293
0.9835743
0.8874191
0.96711767
0.8445312
0.8308099
0.8695427
0.8366581
1.0442141
0.9317611
1.0457803
1.0554785
0.93519664
0.7965442
0.8892145
0.8880528
0.93196607
1.0573397
0.9267808
1.1402996
0.867303
0.930263
1.0489887
1.0024927
1.0035132
0.8632153
0.93803793
0.86843777
0.9267006
0.8803187
0.8872128
0.9680884
0.9349199
0.8030834
0.8286783
0.9088973
1.1186044
1.0326551
1.0566947
0.8081404
0.92485154
1.0413573
0.9298594
0.9147091
0.83007306
0.9111495
1.0119075
0.7878674
0.8945172
0.9394454
0.97639024
1.0693474
1.0620034
0.9174912
0.8747307
1.0797178
0.96486855
0.95873094
0.9705488
1.0468575
0.99247265
0.8590601
0.8412818
0.85194516
1.0573564
0.9080762
0.9956949
0.8572644
0.86762786
0.8146987
0.91067183
0.98843634
0.92855597
1.0589749
0.84067214
1.0594386
0.92324007
1.0218066
0.87158734
0.9785012
0.8638847
0.9973346
0.9659846
0.9121984
0.88393265
0.8750903
1.1353443
0.86968493
0.8941856
0.8763161
1.0166684
1.0163724
0.86973023
0.9163445
0.94618654
0.8005007
1.0288391
0.87114656
0.94627976
1.0089756
1.0117497
0.8595784
0.9604981
0.8585033
0.9972331
1.0128552
0.9238476
0.8988988
0.8472738
0.8293009
1.1255804
1.0092933
0.9053035
0.893343
0.8388661
0.8578247
0.88994145
1.0735221
0.884303
0.9222504
1.0618072
0.78894866
0.96611404
0.87085545
1.0689427
0.8978423
0.87743485
1.151241
1.0397967
0.9537015
0.8632726
0.9053353
1.0062377
0.8388976
1.0022461
0.95942855
1.009332
1.0488979
0.9385016
0.85044456
0.99271977
1.0347202
0.83159816
0.8746465
0.9071976
1.1017891
1.0323608
0.99023837
0.92464
0.8652864
0.88952476
0.82781696
1.042242
0.8846794
0.80286723
1.0919113
0.79106456
0.93297493
0.81703717
1.0130707
0.9377171
0.9539015
0.8541054
0.8079977
0.9669373
0.88570225
0.9934274
0.79785633
0.9167574
1.0012318
0.90125144
0.8918891
1.0074725
0.91344494
0.9695866
0.86885685
0.974424
0.95377415
0.9041673
0.84325296
0.9484155
0.9018637
0.80528635
0.89037704
0.8999104
0.84316146
0.8462097
0.8446269
0.9396636
0.9725876
1.043432
0.9198367
1.0136539
0.9699645
0.91498786
0.9425591
0.9857435
0.84356356
0.8981955
0.8868129
1.028932
0.8709688
1.087503
1.0907615
0.86904347
1.0595665
0.98464084
1.1599765
0.9875111
0.91972804
0.995599
0.8410437
0.9545045
1.0734258
1.0406027
0.81547385
0.882276
1.0215003
0.9115571
0.8482996
0.91296184
0.84350735
1.0587718
1.0135746
0.90037024
0.9739792
0.9098307
0.89398515
0.8860048
1.1191837
0.9516864
1.00132
1.1236826
0.887403
0.9066858
0.840952
0.7947295
0.9426529
0.9902929
0.8455051
0.8817176
0.8678302
0.8757973
0.8547475
0.7836119
1.12067
1.1120391
0.9721066
1.0573997
1.0151901
0.84683967
1.0131918
0.85446715
0.87185943
1.0068424
1.0406054
0.9229162
0.9127819
0.85546947
0.91446424
0.8735434
1.0729243
0.9320071
1.0442232
0.8480352
0.8604684
0.88373363
1.0281341
1.002536
1.043531
0.8794751
0.8213285
0.9668086
1.0050024
1.0284358
0.84580994
0.83351916
1.0670873
0.8774935
0.9347048
0.9495598
0.89465666
0.9300701
0.91484904
1.1018754
0.76711816
0.9180968
0.945616
0.7709692
0.94350696
1.0188015
0.95951927
1.0458872
0.9559396
0.90396935
1.0032341
1.027982
1.0006676
0.8991475
0.8821968
1.0443627
0.78749955
0.8277528
1.122895
1.0570928
0.98645616
0.97225964
0.93032146
0.91177154
0.9411508
0.9093702
0.8215909
1.0293517
0.90951836
1.0062746
0.9197506
1.0943351
0.9900503
0.99052817
0.97974026
0.8598678
0.8747735
1.0785552
1.0187508
0.9495761
0.92206633
0.9582098
1.0113086
1.1667541
0.99157655
0.9711169
1.0837411
0.9812156
0.9608323
1.095226
0.8380243
0.9816063
0.98881006
0.9172027
0.87409544
0.9072015
0.90879035
1.0328352
0.76266754
0.96445036
0.886551
0.9437721
1.0934728
0.8393135
0.88004345
0.8991841
1.1645988
1.0340955
0.9609329
0.99677724
0.9401634
0.8417023
0.99333
0.8266243
0.7979372
1.1203524
0.9185921
1.0374672
0.8710471
0.82766414
0.7982967
0.8963961
0.81712526
0.8116487
0.91107905
0.8908253
0.987945
0.8927928
0.8714843
1.1457703
1.0028837
0.83815134
0.90050775
0.84960586
0.8449706
1.0944936
0.9224113
1.0350977
1.0444582
0.92648125
0.8156463
1.1679316
0.9171494
0.9071352
0.8889376
0.9565425
0.86443853
1.027035
1.0280905
0.9269817
0.948696
0.9232916
0.9086212
1.0207161
0.8385681
1.0317037
0.83409184
0.85428834
0.8884768
0.9947636
0.997998
0.8404697
1.0888596
0.87807524
1.0640173
0.89404637
0.8728825
0.9038236
0.9651413
0.91848624
0.87745327
0.978629
0.92136383
0.93475735
0.9832653
0.9031731
0.82810783
1.0131805
1.0241684
0.8576604
1.0743864
1.0240117
0.90852547
0.84572494
0.98094165
0.86709756
0.83259696
0.89446497
1.0305225
0.92511654
0.89008546
0.91384184
1.0675408
0.90060914
1.0263903
1.0185282
0.8455062
0.99237466
1.0812805
1.036302
0.951182
0.87297153
0.9249518
0.9055467
0.9456796
1.1105211
0.8192852
0.87138826
0.94763935
0.9786818
0.9258534
0.8751528
0.8633884
0.9359906
0.8245409
0.8341845
0.788835
0.7917331
0.90727794
1.0082672
0.9666568
0.932987
1.0012571
1.0631107
0.9343276
0.94114614
0.82534015
1.0145222
1.0357196
0.87254596
0.8675715
0.85447085
1.0694178
0.82870555
0.8769312
1.1440793
0.9115632
0.89688814
0.80972874
0.84613967
0.9104892
0.83256257
0.85979533
1.0741541
0.95671964
0.97144645
0.9499197
0.9235055
0.8363544
1.0505692
0.86705995
0.79324996
0.9389565
0.9376261
1.0111203
0.8358269
1.0192096
0.86660635
0.88587284
0.8507546
0.89493644
0.9398533
0.8791132
0.8373897
0.94431627
0.8849009
1.101165
0.8488019
1.0936507
0.8753294
0.9418185
1.0322059
0.99252164
0.88390946
0.94284195
0.7855834
0.9438988
0.8203181
0.88527954
0.8939651
0.931671
1.0795089
1.0466
1.0197395
0.9496838
0.9177879
1.0442944
0.8537095
0.92920977
0.9105578
0.8714452
0.89367914
0.86872154
0.9055728
1.082439
1.0424576
0.8573433
1.0237336
1.065333
1.135887
0.91961527
0.92315066
1.0314189
0.8732178
0.88570154
0.8878426
0.9071603
0.9203005
1.0039761
0.9954319
0.8824651
1.0165416
0.91837645
1.0301057
1.1513147
0.91819346
0.8832811
0.82796174
0.84903026
0.7955353
0.9855658
0.9656172
0.94329405
1.0631685
1.0710943
1.022392
0.88208485
0.93416595
0.83069277
1.0191327
0.99664366
1.0757017
0.87498057
0.8426076
0.9798653
0.83771646
0.89510584
0.85562587
0.90575284
0.97149134
0.9233205
0.92573667
1.0478367
0.8703511
0.924047
0.9329225
0.99014485
0.9848725
0.9905385
0.84856594
0.9233885
0.9028537
0.9782212
1.0154604
0.9562756
0.823225
0.84964156
1.0014609
1.1488093
0.92241347
0.93658984
0.9045018
0.9797437
1.0008556
0.8930277
1.0555474
1.0129755
1.015262
0.9241382
0.8225497
0.982867
0.8183283
0.9033703
0.9456183
1.0402204
1.0524207
0.84536284
1.0117594
0.85876167
0.9043791
1.0512688
0.83014745
0.94372386
1.068624
1.0037637
0.9565551
0.97949183
1.0796276
0.89210474
0.9773927
1.0223675
0.86768633
1.0323998
0.9172636
0.8030548
0.84253716
0.8638562
0.8446292
0.9015732
1.0026474
0.8044353
0.98012805
0.9697076
0.997764
0.9392607
0.9761436
1.0890068
0.90541846
0.84817475
0.96333075
1.0751841
0.8289453
0.8218678
1.0622259
0.9071907
0.8926426
1.0359975
0.8261099
0.8813029
1.0533726
0.9692173
0.9573555
1.0706208
0.8172853
0.895317
0.9777601
0.97255397
0.88581496
0.9770617
0.97578514
0.9164062
1.0398555
1.0076067
1.0209655
0.93400705
0.98335576
0.7933831
1.021518
0.8004164
1.0039773
0.9316541
0.92209065
0.96547127
0.95860684
0.9262209
0.8819215
0.8426666
0.8581635
0.9701289
1.0699942
0.92105234
0.9084737
1.1949598
0.9822879
0.75322545
0.9463307
0.96489406
0.8894859
0.9249579
1.0097129
1.0693626
0.8319049
1.0295013
0.9735081
1.011575
0.91383576
1.0089774
0.9041617
0.931111
0.9855311
0.91504824
0.9071983
1.0041118
0.802476
0.9584938
0.97870076
0.8590762
0.85100394
0.82656723
1.0499712
0.92527837
0.85668063
0.88035274
1.0685254
1.0245315
1.0450251
0.88445556
1.0419177
0.8460447
0.9937751
0.9200474
0.90679085
0.8267936
0.8327918
0.9590963
1.0451053
1.0822046
0.98591834
0.90838206
0.98742974
0.8078555
1.0379645
0.91624534
0.90315914
0.84976727
0.9657918
0.898768
1.0491302
0.89739704
1.0173428
0.9556637
0.81128824
1.04924
0.7964617
1.0261604
0.9470414
0.9779277
0.8517138
0.9142796
1.0475625
1.0212826
0.9633148
0.8860308
0.93490225
0.863029
1.0447563
0.8238084
0.916669
0.8722327
0.95237994
0.91521347
0.9212707
0.8381153
0.8889511
0.9111726
0.92280877
0.93783474
1.0680795
0.9033711
0.81915474
0.8342216
0.91130674
1.0842124
0.9960952
0.84380984
0.8665625
0.86411834
0.90371776
0.8780756
0.88638234
0.8736647
0.8369511
1.0460845
1.0115772
1.0071485
1.0855957
0.98015773
1.0434706
0.95756984
0.8598405
0.943178
1.0440658
0.8956082
0.8516021
0.86205864
0.91335905
1.1332672
1.0208274
0.9176533
0.8216325
0.9101343
0.9366157
0.9572413
0.93219364
0.90145576
1.0103767
0.9118351
1.0115494
0.8587506
0.9653244
0.8342798
0.94328904
0.9534362
0.90225995
0.88977987
0.9401762
1.0743439
0.8984574
1.0034045
1.0924217
0.91761756
0.91930354
0.8482063
0.9635316
0.90118724
0.8784087
1.033336
0.8259313
0.8661641
1.0140527
1.0012436
0.8099474
0.98891175
0.9037268
0.9260432
1.0032443
0.93971634
0.9156971
0.84152025
1.0708385
0.9690244
0.82694054
1.0497576
1.034405
0.77086365
0.8288905
0.9584154
0.87490714
1.1214331
1.0054536
0.97312903
0.83959603
0.8921708
0.9899464
0.92861855
1.057063
0.9468734
1.0940666
0.95918447
1.0652375
0.80960315
0.85798347
1.0223327
0.77076185
1.0114396
0.93352795
1.0149081
1.0027319
1.0356076
0.92434275
0.9753208
0.9537586
1.0094861
0.90992343
0.9901705
0.8582057
1.095086
0.92514277
0.8944022
1.051613
0.9903276
1.0373152
0.9676401
0.9248626
1.1238323
0.92670476
0.91290057
0.8968935
0.9289342
1.0440677
0.84979856
1.011085
1.035625
0.8631582
0.97948134
1.0000378
0.9516443
1.1154215
1.0456203
0.9401411
0.903708
0.9036625
1.0395769
0.83874345
0.76443064
0.9494639
0.9742834
0.8533086
0.94122434
0.9072865
0.9313375
0.8426344
0.91797
0.99864185
0.8003968
1.0711716
0.9792824
0.9974487
0.92684746
0.9312656
0.90778893
1.074472
0.80617666
0.89986575
0.99014145
0.9082035
0.9208108
0.8573742
0.89899963
0.9202269
0.9507763
0.89815855
0.92836666
0.9321028
0.86826676
0.89059544
1.0899948
0.8999904
1.0785862
0.88126266
0.93643093
1.0608051
1.1031233
0.90848696
0.8944184
0.93089914
0.9431824
1.1266351
1.0633204
1.0558572
1.0557019
0.95213497
0.9966769
0.93529606
1.142202
0.91367215
0.9289212
0.83278286
1.0121846
0.97548175
0.91535985
1.0868647
1.1051497
0.8597008
0.8720422
1.0588778
0.96759474
1.0291785
0.9784465
1.0563519
1.0038997
0.9344852
0.97510993
1.0739838
0.77631694
0.96994877
0.79461074
0.8450501
0.96187377
1.0349885
0.9777861
0.83971
0.92870015
0.89820117
0.882985
1.0287397
0.8817216
0.99935853
0.8878305
0.91635716
0.98097837
0.87927
0.79801
0.94745445
0.99483657
1.0663271
0.967221
0.9058827
0.95423
0.93376243
0.87507176
1.1174313
0.8052168
0.870471
1.051339
0.90935767
1.0304091
0.8504092
1.2080139
1.0864542
0.95017684
0.8831457
1.0298849
0.9930427
0.82331765
0.90992767
0.8456167
0.862251
0.95610875
1.0602907
0.9065819
0.96791995
0.87933373
0.88231385
0.8716314
0.8926954
0.85635334
0.8805859
0.90890694
0.9380363
0.93213594
0.89699125
1.0578524
0.8066937
0.78521883
0.9702343
0.95793515
1.0140435
1.0465152
1.0075078
0.96075845
0.8207571
0.8551678
0.89173263
1.0015073
0.8805541
0.9464338
0.9453932
1.0193578
1.0219637
0.9807137
0.8677632
0.82827216
0.8580625
1.0230733
0.9605721
1.0200815
0.92713547
0.8546572
0.87075055
0.85960364
0.9981369
0.86289996
0.93269026
0.8872005
1.1098341
0.9627291
0.8361398
1.0098367
0.8374972
0.94468546
0.8065969
0.896612
0.88011545
1.0692813
0.95817524
0.8970797
0.9556058
1.0070202
0.91364706
1.0854706
1.0628592
0.94400144
0.9721955
1.0955873
0.8876459
1.053091
0.8716463
0.99662834
1.0374837
0.8590188
0.94258714
0.8866308
1.0721813
1.1017815
1.0342532
0.9833399
0.8967091
0.8451456
0.9177966
0.83812284
1.0308658
0.97604656
1.0806707
1.007641
0.94640875
0.9439467
0.8318737
1.0552022
0.83789253
0.9444208
1.0734843
0.9345058
0.85594976
0.7835808
1.0473533
0.9617475
1.0212455
1.0519613
0.86358535
1.0412326
1.0476687
0.9543687
0.89818054
0.90494376
0.99729496
0.82478416
0.8748217
1.0419048
1.0100675
0.9212767
1.0199223
1.0423689
0.871827
1.151512
1.0074314
0.88538396
0.9367612
0.9124688
0.9185113
1.0444547
0.91682315
0.9992118
0.92789495
0.8814424
0.903413
1.0459734
1.033716
0.9437187
0.96912986
0.9099287
0.96924734
0.909387
0.8372003
0.83683646
0.7752063
0.9552725
0.9028125
0.9640207
0.8712763
0.942623
0.91548395
0.815808
1.0227096
0.86847615
0.92037535
0.93348885
0.8230348
0.9021148
0.9457806
0.81849015
1.1217216
1.0137632
0.8483158
1.0613415
0.91687894
1.0059172
0.967394
0.817572
1.0195593
0.9346285
0.78942347
1.152149
0.91590095
0.98833287
0.9151154
0.93265426
0.9661318
0.9200921
0.91052985
0.8944648
1.0605054
0.8952692
0.92386246
0.93788564
0.82470083
0.96185434
0.9934511
0.8300301
1.0811822
1.0079533
0.96392155
1.0352463
0.880288
0.93045473
0.9334794
1.0571744
0.93227464
0.8490282
0.87739396
0.81345594
0.8287275
1.0403367
1.0120043
1.0303198
0.9065986
0.9134594
0.7736157
0.86690664
1.0424109
0.80506134
0.952952
0.8824109
0.8487903
0.95030725
1.0171868
0.86920893
1.0860039
0.82556665
1.1512358
0.8350015
0.92374426
0.9334961
0.84876895
1.0421534
0.9402601
0.81991
0.864591
1.0545889
0.91691566
0.917949
1.0817468
0.8532734
1.1092584
0.90885663
1.004014
0.8266659
0.95076406
0.8346149
0.9274646
0.8562746
0.9396162
0.9214425
0.8889102
0.87948453
0.95391834
0.83099544
0.82086533
0.88685095
0.88817334
0.924227
0.84826493
0.9477879
0.9126436
0.9781672
1.0255675
0.88793737
1.0022078
0.7945461
0.92254066
1.0222101
0.9274275
1.1534531
0.9409921
0.969432
0.8871361
0.8516213
0.86814296
0.8791128
0.9980517
1.1370836
0.8375027
0.9117775
0.91733193
1.1118253
1.0472362
0.90405285
0.8419994
0.78568447
0.9673544
0.8465375
1.0739939
0.861392
1.0259029
1.1062216
0.8347051
1.0644089
0.88484406
0.8355825
0.9042626
0.9409654
0.8431728
0.83945996
1.0005221
0.8657893
0.8220786
0.8774315
0.771556
1.0082245
0.9815929
0.8325481
1.1101396
0.9244313
0.92138565
0.89190936
0.96720225
0.9839433
0.93810695
0.9212625
0.9617233
0.8792146
1.0036707
0.92322165
0.9156169
0.8639426
0.9593308
0.884313
0.81032187
0.9412112
0.8732383
0.8851117
0.8500005
0.92990464
0.7658336
0.8721396
0.8740613
0.92221296
0.92608136
0.9017528
1.0396001
1.0812217
0.8469094
0.93390167
1.0683843
0.9541445
0.886881
0.95078087
0.9516557
0.84219915
1.0862998
0.9765782
0.8235357
0.8383914
0.8566473
0.7725959
0.894622
0.990082
0.9556556
1.0344043
1.0223753
1.0917152
0.94260037
0.9241158
0.7771549
0.86748534
0.8317648
0.88949454
0.788257
0.974597
0.9193341
0.91795576
0.9111494
0.80952775
1.0901654
0.811952
1.0089934
0.9738797
1.0275507
1.1067207
1.0022871
0.9643069
1.0098933
0.9470069
0.95833886
0.92402226
0.8585137
1.033987
1.015573
0.83099514
0.85299
0.98638445
0.91633165
0.89611363
0.814603
0.76728934
0.90919113
0.9755023
1.0109853
0.86186016
1.0108695
0.84999114
0.9458082
1.0704525
0.94957757
0.9063631
0.8975717
0.85619915
1.0484724
0.913875
1.0043995
1.0596324
0.94172215
1.0342809
1.0097537
1.0766035
1.0223842
0.9423952
0.90312195
0.88440496
1.039625
0.968107
0.8816948
1.019036
0.906588
1.008675
0.8895602
0.840791
0.84257483
0.8508667
0.90317225
1.1047409
0.8876432
0.8448082
0.92102724
0.865872
1.0918785
0.95955443
0.8812946
0.9256495
0.8904926
0.9906608
0.93385994
0.88459605
0.83905
0.80818075
0.880963
1.13015
0.908039
0.90550935
0.88085926
1.1128846
1.006553
0.86611617
0.8489391
0.8190094
0.82468486
0.96822983
0.89832234
0.9343184
0.8620692
0.83474255
0.9228138
0.9218148
0.9565506
0.92207384
0.99428177
0.9973076
0.97953904
0.77984524
1.0729176
0.8244722
0.7704526
0.98591244
0.86917883
0.93123186
0.99613416
0.7913648
0.89000213
0.8093599
0.929119
0.9803303
0.9663368
1.0458608
0.9212442
0.8269019
1.0232984
0.9197707
1.0352976
0.8985938
0.8143492
0.88317186
0.91152096
0.86328024
0.89841664
1.0024649
0.88107586
0.95774364
0.92708015
1.0028865
1.0433583
0.895061
0.9373982
0.9295298
0.8494123
0.97981745
0.9114901
0.9912925
0.8243458
0.9031539
0.89414144
0.9526993
0.9045729
0.99666464
0.88427866
0.9254113
0.95451117
1.001314
0.98759377
0.84654975
0.87389815
0.9995539
1.0941912
1.0251983
0.9640289
0.9469535
0.91969436
1.053929
0.8418263
0.81766796
0.9569998
0.9375088
0.89885724
0.9354559
0.8013948
0.92323005
0.80364424
0.8532021
1.0693299
1.0127147
0.84383416
1.0353776
0.97660184
0.9163474
0.8848537
0.88969684
0.8673576
1.049481
0.9188272
0.9077137
1.0931607
0.88311005
0.942256
0.8253373
1.0304626
0.9496511
0.93731034
0.88219845
1.0295595
0.92484695
0.89049757
0.9121381
0.8594721
0.86323106
0.9339924
0.8352654
0.84661907
0.9108212
0.8906716
1.1367456
0.97862554
0.96369934
0.82730734
1.0799538
0.98648196
1.0434475
0.8918947
0.9493885
1.1385494
0.9650667
1.046368
1.1081693
0.96630347
0.8179246
0.9148446
0.9084393
1.0331209
0.9931603
1.1024084
1.085265
0.9351354
0.8273073
0.9255092
0.7980136
0.90555954
0.92227423
0.9612144
0.91465336
0.86899316
1.0123171
0.9390341
0.97174716
0.9881824
0.95520556
1.0443581
1.0543939
0.78400254
0.87899226
0.8109802
0.8873932
0.8921904
0.96500033
0.88601094
0.9415982
1.0180013
0.80084807
1.0329773
0.87804854
0.8759695
1.0086948
0.9813155
0.82949364
0.93940294
1.1134704
1.0507929
1.0247525
0.9227029
0.9037076
1.0377257
0.8620738
1.0341574
0.8171362
0.91471124
0.79495
0.8785286
0.9477441
0.94643164
0.9250077
0.9978535
1.1046958
0.9396631
0.8948686
0.86609167
0.938609
0.8528575
0.90712196
1.037411
0.8836487
0.96833056
0.9866104
0.91140985
0.8197527
1.037913
0.7956103
0.9867133
1.1250788
0.89522064
0.88713515
0.82883227
0.933082
0.8063496
0.87821287
0.9625417
0.9102817
1.0055182
0.8589341
0.92097974
1.0233661
0.9217632
0.9881014
0.89031595
1.0150619
0.8840629
0.8768567
0.949323
1.0207728
0.92010033
1.0618308
0.9631036
0.9655613
1.0449561
0.85201365
1.029468
1.0212542
0.8810775
0.8571036
0.9059993
0.9578279
0.9420327
0.83123434
0.83115447
0.94602954
0.9153987
1.1112242
0.91923463
0.8598963
0.94303
0.9145371
1.0993681
0.8838818
0.82953274
0.9187745
0.9324261
0.9811706
0.870948
0.886192
0.93043643
0.8907181
0.92726994
0.8831007
0.9519993
0.93033683
1.0425626
1.0397681
1.0550418
0.8575678
1.0554019
1.0060017
0.9025265
0.98992
0.8917812
0.85654956
1.1030436
0.8768616
0.99537414
1.1460032
0.79602766
0.9319892
0.998211
0.9877622
1.0551745
0.9403678
0.948652
1.0309483
1.0546411
0.8737278
0.870375
1.0099512
0.755628
1.1119336
0.8619417
0.7934091
0.9494269
0.9067979
0.99376214
0.8922111
0.8567436
1.0019823
0.9284577
0.8439455
0.91978407
0.8341148
0.8772948
0.76218855
1.0782734
0.86944234
0.9563465
0.99172807
0.9776871
1.0089325
1.0326892
0.9315586
0.88946265
0.8611303
1.0309172
0.9269462
0.8235829
0.9195418
0.9083592
0.94481933
0.99833006
0.82174695
1.0759108
1.0801893
0.94386965
0.87999606
0.8606414
0.97171444
0.90322065
1.0334522
1.0499785
0.87261784
1.0297934
1.085125
0.86441374
1.0496784
0.9799417
0.9124668
0.87860036
1.0427215
0.95168674
1.039352
1.0153104
0.83582234
0.87959456
1.0464377
0.8854611
0.963575
1.0304621
0.8414798
0.8448994
1.0428783
0.9966576
0.79222333
0.88705575
1.020995
0.97321475
0.9878914
1.0541626
0.9572638
1.0065999
1.0144763
1.0032537
0.9239036
1.106102
0.875831
0.91679686
1.0507656
0.889517
0.9721632
0.9975867
0.9302385
1.1143739
0.92558515
1.115018
0.906112
0.95869005
0.8911135
0.8763799
0.8383489
0.85438615
1.0064764
0.9087533
0.8380299
1.0672534
0.9688533
0.9851205
0.85345805
0.9668809
0.89400434
1.0235665
1.138145
0.9610721
0.86565256
1.1865251
0.92612386
1.0150841
0.9357005
1.02405
0.9835437
0.91110384
0.97570455
0.8774297
0.9603256
0.95107543
1.1002468
0.91475624
0.9528549
0.84485215
1.093513
0.9429425
0.94558686
1.032712
0.8548539
0.9486582
1.0273209
0.94945896
1.0387769
0.8465166
0.9037369
1.0018227
1.0241154
0.7864022
0.95350045
0.94350386
1.0098364
0.89845103
1.0256928
0.7957251
0.835222
1.0919043
1.1075127
0.97441864
1.0419315
0.85558
0.92794573
0.81140417
0.8989934
1.0119089
0.8958641
0.8650447
0.9586413
0.96768343
0.85816646
0.8930048
0.933732
0.98046494
0.9903462
0.97145194
1.0994931
1.115957
0.8635789
0.9994367
0.9970742
0.93407845
0.907519
0.8557006
0.8402941
1.0188528
0.9019375
1.1009871
0.86036134
0.9270474
0.904948
1.1199108
0.80465794
1.0588623
1.0584792
0.79676384
0.8286647
0.8582351
0.8639847
1.0725259
0.9176223
0.8877886
0.975471
1.009455
0.9424925
0.9477937
0.8526642
1.0086846
0.8161713
1.1155528
1.031814
1.030686
0.9307827
0.97796303
0.98776937
0.8887652
0.9387314
0.95676947
0.8870685
0.88994044
1.0365714
0.8621696
1.0674964
1.0264746
1.1056738
0.8332206
1.0339589
0.93108946
0.8693036
0.92473805
0.9850054
0.85956997
0.9101196
0.8882102
0.9017806
0.99820924
0.8590399
0.92839146
1.025222
0.8865961
1.0217228
0.9371351
0.8761009
0.8739433
0.8666985
0.84245485
0.8682945
0.8293741
0.9171015
0.83265585
0.90834737
1.154936
0.8641554
0.8470367
0.91730714
1.0102593
0.8802531
0.85901535
1.0700659
0.81631243
0.9597355
0.93514395
0.840621
1.0982928
1.0440518
1.0705715
0.998383
0.9134189
0.97235143
0.92487717
0.99080634
0.9079279
0.84625936
1.0870401
0.85287523
0.83140045
0.8323073
1.0631211
1.006357
0.9727156
0.86666054
0.8966599
1.0686489
0.88662356
0.9673639
1.0432856
0.86404395
0.81097853
1.031401
0.8757179
1.0286769
0.91414464
0.96014196
0.800652
1.0927129
0.88668287
1.0834962
1.0132929
0.81360704
0.91806126
0.86372006
0.83545303
0.9827565
0.83371866
0.81806016
0.923336
1.0705171
1.0477154
0.9848853
0.9407424
0.93408376
0.8195351
1.0562143
0.84295046
1.1498183
0.96612513
1.0065044
0.85980743
0.92813665
1.0038207
1.0063783
1.0125463
0.8871936
0.9738803
0.9279241
0.8081659
0.9545524
1.0522708
0.986562
1.081302
0.8892275
1.0524668
0.9979136
0.92742014
0.9157945
1.0816025
0.9384301
1.0406847
1.0101907
0.93719304
1.0467868
0.9429903
0.93188775
0.9279107
0.95107144
0.97649795
1.1504934
0.96008855
0.92786753
0.879398
0.9875958
0.93053365
0.911643
1.0246998
1.1323621
0.81159693
0.9756607
0.8062862
0.9910389
1.0241474
1.0318938
0.81608754
1.0700282
0.9517015
1.0490241
0.9064727
0.8104999
0.9574097
1.1242397
0.9948841
0.9870838
0.95338744
0.89431083
0.9484787
1.0849122
0.7819581
0.86764014
0.9443222
0.80667686
0.9612867
0.90266323
1.0304404
1.1019311
0.97231364
1.0872769
0.9680056
0.9011258
0.9342567
1.1542627
0.91017914
0.99505544
0.9741736
0.82997555
0.8490139
0.9325428
0.8791583
1.020259
0.9638487
1.0403831
0.84508723
1.0572734
0.9311583
1.0892574
0.8611771
