0.9445899
1.0219498
1.0367942
1.0845628
0.9225999
1.0091202
1.1082779
1.0686336
0.98810625
0.9314279
1.0307105
1.1249993
1.1062636
0.9394392
1.041328
1.0162435
1.1449013
0.8769679
1.1242352
0.90043426
1.0311213
1.1245446
1.0804002
0.9306097
0.94016194
1.0969
1.0340959
1.0629735
1.0674855
0.912781
1.128655
1.0703148
1.0651515
0.9622557
1.0643572
0.8936955
1.0891225
0.95758235
1.0019643
0.85787314
1.0364777
1.105953
1.0862303
1.0454597
0.889519
1.0640574
1.180792
0.9179667
0.96172297
1.0121341
1.0479449
0.9120314
0.94031554
0.88624907
0.95257866
1.0666943
1.0513701
0.92375886
1.081989
1.0995951
1.068533
0.9399176
1.0291812
1.0912417
1.0364478
1.1231902
1.0932403
0.9353396
1.1058936
1.0597358
0.8051423
1.1701622
0.9333827
1.093777
1.1023296
0.8646977
0.958145
1.0767581
0.9394389
1.0504612
1.067306
1.1076446
1.0385356
1.1437569
1.0817075
0.9479032
1.017143
1.078289
1.0507925
0.95847213
1.0880718
0.9717849
0.93673813
1.1556823
1.0158337
1.0893996
1.0122164
1.058318
1.0333555
1.1033994
0.9428241
0.87922394
1.0887182
0.99469507
1.1748079
0.9306874
1.0915804
0.99406445
0.97504157
0.99138105
0.9691725
1.095017
1.0209719
0.96245265
0.990378
0.9226428
1.025289
1.0450859
1.0399392
0.9564806
0.91126716
0.9712274
1.0369844
1.0981114
1.2052791
1.0876576
0.9455106
1.08161
1.1370506
0.9029276
0.9741919
0.928804
1.1833963
0.9982214
1.1260076
0.94224536
1.1422787
0.9036484
1.0586677
1.0611694
0.95920765
0.989303
1.0805218
0.9798882
1.0433087
1.0720284
0.898896
1.0657504
1.1748605
1.1540778
1.0603967
1.11426
0.9619209
1.0373964
0.9844588
1.0651023
1.0801432
1.1225367
1.1236234
0.9658993
1.0872074
1.1029239
1.0805345
1.0677997
1.092859
1.0875211
1.0445102
1.0174923
1.1657469
1.0950786
1.033704
1.0336429
0.9801178
0.9947105
0.9099742
0.9353756
0.9670436
1.1262436
0.990628
1.0966616
0.99188024
0.9197588
0.9651792
1.0930047
0.98320615
1.0385385
1.0563159
1.0335512
1.0879717
1.024342
1.0278797
1.000864
0.99150145
1.1256515
1.1539717
0.9609972
1.0967686
1.2237731
1.0458405
1.1566944
0.9866529
0.8936501
0.95745325
0.8880059
0.98484516
0.95304525
1.0711303
1.0889301
0.90718484
1.0581849
1.0593936
0.86573315
1.0473223
1.051924
1.0634954
1.0353581
0.9290057
1.1027832
1.0780966
0.9770026
1.1276292
1.1100479
1.0625274
1.037888
0.95651877
1.0270133
1.0729927
0.9774076
1.0570732
0.97596204
1.0696318
0.98154545
1.1275338
1.076064
0.96174115
0.96439993
0.8994988
0.9878212
1.0691628
0.9448997
0.87742066
1.0522925
0.8880539
0.8919457
0.9098294
0.94527924
1.1460919
0.9742513
0.99886775
1.035713
1.022557
0.9394583
0.9230875
1.0149851
0.9848839
1.057459
1.027308
1.0737429
1.2412713
1.097315
1.0980537
1.0911981
0.85590076
0.9131644
1.0883119
0.9309942
0.9665171
0.90989125
1.0694976
1.1064234
1.0583256
0.8790964
1.0190411
1.0917748
1.1895859
0.9469348
1.1833832
1.0541817
0.9069463
0.8802893
1.0897135
1.1058283
0.82850796
1.0673531
1.0890219
0.9265324
1.0976493
1.1686522
0.99975526
1.1532568
1.0444973
0.9858154
1.0313826
1.1870266
0.9440342
1.090357
0.918394
1.1015694
1.1246765
1.0510278
0.9497359
1.0727354
1.0093251
1.0169845
1.086684
0.89741796
1.0069814
1.1015286
0.8926188
0.8958838
1.0258605
0.93515265
1.0869167
1.0218472
0.9799238
1.0287857
1.0399547
0.9951811
1.1039798
1.1154268
1.0607668
0.99135184
1.0725374
1.0906764
1.0266805
0.9252909
0.99069226
0.98366225
0.9830303
0.9194486
1.2042049
1.1409602
1.0527725
0.89882374
0.91577464
0.93633616
0.9604629
1.1295125
1.0592289
0.97708714
0.9174479
1.0418935
0.9899024
1.1176417
0.91264766
1.0677497
1.0094898
1.0789464
0.9787763
1.0411949
0.95916283
0.8840641
1.0562135
1.0886285
0.9485281
1.0137644
1.0843092
0.9829024
1.0501096
1.1100261
1.0617789
1.0750065
0.8585638
1.0651488
0.98725474
1.0786545
0.911734
0.9657966
1.2196975
1.0472276
1.0849545
1.0345773
1.0178862
1.0886213
1.1330434
0.96567005
1.1272715
0.972293
1.0767794
0.87721384
1.1246397
1.0570724
1.0627967
0.9469913
1.0375004
0.9116995
0.8964106
0.9641002
1.1360719
1.1763294
0.8858514
1.0033771
1.0942891
0.93986344
1.0394287
0.98415965
1.1424412
0.9548034
1.1179667
0.89356977
0.97867036
1.0064663
1.0436715
0.95720565
1.0532317
1.029871
0.9830874
0.94462204
0.8966501
1.067245
1.0502473
0.9234265
1.0319397
1.0793488
0.88173616
0.88153815
0.93425155
1.0479069
0.94477236
1.105758
0.9340149
0.9842175
1.0739307
1.1058394
1.1136966
1.1846553
1.1727116
1.0091647
1.0549022
0.9124893
1.0713209
1.1630348
1.0282025
0.99983287
1.074105
0.925565
1.0297115
1.0539455
0.97270244
1.0359108
1.0842745
1.05987
1.008435
0.9010499
0.99520063
1.0336763
1.1054498
0.9584318
0.9332357
0.84134376
1.0903716
1.1428815
1.0304003
1.1744702
1.0748558
1.0514653
0.8618652
1.0037973
0.972623
1.0266569
0.8601197
1.0696342
0.99526024
1.0919898
0.99144596
1.0172154
1.0897223
0.96956897
1.0754306
1.0402288
1.0792866
1.1667948
1.0063604
1.0554793
0.92040855
1.0074699
1.1326113
1.0321945
1.0562112
1.1886036
0.9725561
0.9665284
0.95537937
1.0308118
1.0939225
0.9665897
0.9897126
1.0290667
1.0273733
1.0522975
1.14801
1.0423731
0.9534626
1.0458763
1.0079739
0.9263024
1.0040128
0.87404686
1.1038494
1.0579073
0.94011384
1.2089114
0.8981142
1.119523
1.1169646
1.1306586
0.9579884
0.875556
0.9855419
0.8982988
0.9279052
0.9489463
1.0723503
0.90527225
1.0127822
0.8955077
1.0675392
1.1169654
1.1470537
1.1217954
0.9976001
1.0746258
1.0251884
0.9353906
0.9544411
1.0302689
0.8546649
1.1019331
0.95928293
1.0229787
1.0358024
0.9897299
1.1189375
0.8799764
1.0178812
0.99677813
0.95488286
0.9343356
1.0047007
1.043572
0.9705713
0.8712177
1.1700459
0.95986223
1.0304233
0.92782193
1.0699534
1.1311837
1.0938418
1.0726256
1.2013928
0.9630084
0.9539774
1.0179017
0.88232315
0.87074864
0.93733674
0.87582004
1.0902815
1.0566692
1.0627953
1.0903993
1.0145705
0.86506474
0.93516505
0.9426053
1.1348926
1.0477711
0.99804866
0.9780469
1.055212
0.93283236
1.044519
1.0154685
1.0515345
0.978662
0.8250638
1.1106883
1.0964267
0.92244494
1.0709996
1.0804827
0.9972045
1.1808825
0.88568246
1.16434
1.1487811
0.9469517
1.0626181
1.1049478
1.1308128
1.0881022
1.0029774
1.0432911
1.0393665
1.0651281
0.84129393
0.96687686
1.0351372
0.9318875
1.0041934
1.0023288
0.90482455
1.0778337
1.0366387
1.2251097
1.0226023
0.9666767
1.1037465
0.9887627
1.0399375
0.96220094
0.96456504
1.0960346
0.9808742
1.1583188
1.0975263
0.9865718
0.9103058
0.86201906
0.8735919
1.0617903
1.1248424
1.0703936
1.0366664
0.90366757
0.976765
0.9715915
1.0682809
1.0850767
1.0250974
1.1210145
1.0795937
1.1300777
0.92062485
1.0184965
0.8670424
0.95577145
0.88167095
1.0312167
1.010222
0.9023473
0.92895925
1.0693853
1.1565456
0.92252874
0.9907857
1.0409296
1.0915792
1.033975
1.0156047
0.97811997
1.0706322
0.9009613
1.022891
1.0342228
1.0712857
1.1132507
1.0492847
1.0751467
0.85848856
0.9177822
1.0730332
0.9528775
1.0477893
1.022264
0.88251114
0.9935707
1.0037357
1.0583078
1.0915525
1.0734962
1.1155179
1.0759745
0.87787455
1.0482733
1.095989
1.085522
0.965171
1.2488824
1.219326
1.0253735
1.0026393
0.92017835
0.86403906
1.081708
1.1127391
1.0141745
0.95131737
0.8561056
0.9537233
1.0649191
1.0458808
1.0261316
0.9111537
1.0763922
0.9565158
1.0417293
1.038765
1.051889
1.0853207
0.8674224
0.9907517
1.0641396
0.97396505
0.9802419
1.0571649
1.004783
1.1263193
0.9035283
1.0329392
0.9723091
0.93560594
0.84252536
1.1377628
0.97191083
0.9703151
1.0220817
1.0370963
0.96932924
1.0682997
0.96176934
0.95217335
1.0610197
1.0623527
1.0350639
0.9981406
1.0761461
1.1221693
1.089201
1.0289649
1.1195898
0.8861086
1.0418527
0.9916722
1.0281653
0.99125123
0.92505395
0.8729196
1.0058255
1.1399509
0.98422146
1.1128653
0.97468877
1.0870533
1.0509555
1.0617938
0.9190018
0.9401118
1.0325043
1.0778763
1.0062714
1.0114341
1.1042228
1.0286682
1.0040996
1.0758691
0.96141404
1.0598633
1.0377753
0.9196123
0.90324795
1.1623826
1.034462
1.0265601
1.0759208
1.0709579
1.1958904
1.1554465
1.0508769
1.072053
1.1036729
0.88987905
0.9753269
0.94885325
0.95774144
1.0165237
1.0667284
1.1028788
0.9584131
1.0612636
1.1381515
1.1314714
1.1156611
1.0829217
1.1623785
1.1189911
1.1077423
1.1805084
1.0705945
1.0985878
1.0851192
0.8974103
0.8561106
1.0627538
1.0103934
0.9787784
1.0703976
1.0199189
0.9904869
1.0958667
0.9165771
1.0290506
1.0690298
1.0815558
1.0157368
1.0813276
1.0632613
1.0571617
1.1141114
0.9551747
1.0251099
0.88982475
0.9574063
0.908024
0.9194019
1.0287534
1.0896914
0.94233567
0.96107316
1.11976
1.0365491
1.0914766
1.0000417
1.0476813
0.96903133
1.1873312
1.0456636
1.0288837
0.96485937
1.0360641
0.8992064
1.1376297
1.1424168
1.0082673
1.0568163
1.058393
0.9856142
0.99915624
0.8138969
1.0627949
1.0211447
0.98276603
0.90919495
1.108851
1.081626
0.9724815
0.8784155
1.0819646
1.0292294
0.9569208
0.961239
1.0284071
1.0468606
1.2097557
1.184159
1.106627
1.1027377
0.8864968
1.0631602
1.0441
1.0441272
0.96979994
0.85117054
0.9826548
0.98608327
1.051095
0.9468261
0.96039915
1.1268489
1.0765779
1.0399501
0.9736606
1.0301757
0.9983705
1.0326971
0.9237505
0.898391
1.1109265
1.0185602
0.87222403
0.8912425
1.0957608
1.1383374
1.024307
1.0847319
1.1196746
0.95387316
1.0084689
0.97666425
1.0790789
0.9864222
1.1098202
1.2240355
1.0023751
0.93476504
1.0208383
0.88369596
0.92013
1.1640594
1.0623147
1.0197626
0.9541702
1.1117985
0.92079276
1.1380463
0.9833046
1.1070287
0.9495921
1.0050719
1.0199519
0.87435436
1.073978
1.1462426
1.0240579
1.0868813
0.9966286
0.93628526
1.1483934
1.0155923
1.0344179
1.0197654
0.9805436
0.9467994
0.8631654
1.0053445
0.9396803
1.1812606
0.949782
0.9914183
1.0701339
1.1024067
1.0468701
1.0077908
1.020734
1.009915
1.0759251
1.0223217
1.109648
0.97107965
1.0500634
1.0619954
0.907918
1.0481908
0.9729253
0.9807143
1.0984502
0.8954363
0.87913823
1.032556
0.9674274
1.0584886
0.9850912
0.85136324
0.9888748
0.9017458
0.89874196
0.98321307
1.0242194
1.0802491
0.92862
1.0219061
1.0024664
0.9920932
1.1258312
1.0481672
0.9180685
0.8183282
0.9657049
1.0542448
1.1582358
1.0603987
0.92705595
0.97952926
1.0921632
0.9825611
1.122155
1.0194237
0.91083956
0.9427894
1.1692014
1.14045
1.1156259
1.0542232
0.94782066
1.1404688
0.9461833
0.85887724
0.9562296
1.0357106
1.0421566
1.0246936
0.9957607
1.1721416
1.0030168
0.89704645
0.95499575
0.9954226
1.0622194
0.96904474
1.0186872
1.0135087
1.0389647
1.0509069
1.1233652
0.93038464
0.93084663
1.1334894
0.9893136
1.0338658
0.9632065
1.0658343
1.1599928
1.0556588
1.0904453
0.9842029
0.9494202
0.9337423
0.92832565
1.1006515
0.93877697
1.1321621
0.9456168
1.0310246
1.0259944
0.96456873
1.1247424
0.8810782
0.95116305
1.045635
1.0662372
0.85200596
1.093149
1.0876915
1.0608168
0.8878447
1.0367348
1.0601742
1.0539031
0.9439694
0.8331525
1.0483928
1.1078115
1.1274967
0.9435
1.0747881
1.0685143
0.94833684
0.91580594
1.0445397
1.1057496
1.09304
1.0235949
1.0443432
0.95796734
1.022125
1.0629721
1.0891464
1.0099767
1.2219229
0.9791974
1.0433838
1.0574913
0.9492419
1.0463198
0.91775167
0.9737751
0.86085165
1.0857047
1.2301381
0.9553201
0.90500546
1.054467
1.0730385
0.9958284
1.0204082
0.8634169
1.0639012
1.2013074
1.1518888
0.97976345
1.1724437
1.074852
1.188653
1.081425
1.0186235
1.0503261
0.91955686
1.0560791
0.8271261
1.1216516
1.0834577
1.0624034
0.99326324
1.1197364
0.83776355
0.8796036
0.90412754
0.94482803
1.1216538
1.0662487
0.8704281
1.149704
0.9770328
1.0459307
1.1037724
1.1577926
0.97677827
1.0237979
1.0216208
1.0714674
1.0824642
1.1660454
1.2111168
1.0340856
0.85845387
1.0209427
0.9959698
0.9768994
0.9029341
1.0987492
0.99437356
0.99894154
0.9445005
0.8770845
1.0435433
0.99433464
0.94231665
1.0325475
0.96113575
1.0978208
0.91255516
1.0563047
1.1320941
1.0184429
0.8848823
1.0643525
1.1033359
1.0465508
1.063297
1.0851544
0.85464793
0.9703536
1.0873772
1.0225632
0.9923023
0.9449072
1.0806758
1.0458876
1.2361114
0.9876269
0.94355476
1.0557895
0.876928
1.0577052
1.0857055
0.9819058
1.0457981
1.0067437
0.9452435
1.0274523
1.1294718
0.8462597
1.0039029
0.956802
1.0674813
1.1896048
1.0624969
1.0157499
0.9787277
0.9916182
0.87477577
0.9469181
1.1551673
0.9044452
0.97123635
1.0396961
0.96019495
0.9641447
0.90922403
1.1180375
0.8699937
1.0829461
0.98978347
1.0800624
0.9801971
0.8722731
1.0447853
0.9383712
1.0500376
1.0349628
1.0461195
1.1683419
0.8602181
0.92365813
0.9677815
0.99808836
1.0800713
0.9118241
1.0858095
1.1794703
0.9562094
1.0503106
1.071388
1.0044878
1.1097538
1.0334611
1.159995
1.0348606
0.939508
0.99473953
1.0034152
0.92449665
1.0596974
0.97706234
0.9395404
1.071573
0.95306087
0.9468714
0.9084772
1.0645087
1.0409995
0.9652071
0.87459224
1.0850664
1.0784466
0.98363906
1.0428653
1.0602405
1.0629354
0.9843561
1.0848715
1.0872612
0.9000169
1.0575396
0.8875991
0.91163695
1.0987552
1.0064183
1.1313621
0.9358919
1.0655718
0.98347634
0.93129706
1.0893162
1.0324752
1.0235052
1.0590394
0.88860136
1.0373187
1.0061021
1.1567576
1.0099468
0.99234027
1.0172843
0.98335737
1.0029821
1.0636394
0.91448677
1.0076984
1.1131146
1.049752
1.053881
1.1552054
1.0533063
1.128763
0.9367974
1.063463
1.0590745
0.91352236
0.9675703
1.0234916
0.92970085
1.096176
0.99161166
1.0940077
1.1219025
1.2284162
0.87101454
1.1235318
1.0073906
1.1285375
0.9222199
1.0085055
0.9260757
1.0180357
0.88510144
1.0335157
1.0137669
1.0577092
0.97343814
0.9098991
0.9423018
0.9912095
0.91919243
1.0555034
1.0346861
0.8933124
1.1088159
1.0914985
0.88929844
0.89731634
0.9341278
0.90244395
1.0212312
1.207989
1.0580244
1.0168502
0.96523565
1.0666819
0.89909816
1.1144557
1.0175982
0.9176316
0.8648457
1.0658576
0.8556581
0.9546319
0.87413645
1.2166942
1.0548753
1.0492127
1.0774496
1.0850569
1.0362054
0.8817543
1.0012918
1.0014286
0.95115316
1.0637752
0.9981636
0.88703
1.1256492
0.7601499
1.0973096
0.9599973
0.97755945
0.9907836
1.0736992
0.99459267
1.0333709
1.0071514
1.0237517
1.0475914
1.0178665
1.1292074
1.0815754
1.1480515
0.97863686
0.91983914
1.1566498
0.9142344
0.98703694
1.1027309
1.0172774
1.0225971
1.0858064
1.0421522
0.9974567
1.0662253
1.0215487
0.94004256
0.9833833
1.061053
0.8175098
1.0276991
1.0854893
1.0357885
0.87980336
1.0006094
1.0559988
1.0905209
0.9977392
1.1126518
1.0819976
1.0766196
0.94213927
1.0094066
1.0590451
0.9698678
1.0292053
1.0403672
1.0109851
0.95067114
1.0463824
0.9738804
0.97689426
0.8031946
1.0696442
0.9753984
0.9188565
1.0986309
1.0443594
1.0339794
1.0830548
1.0599247
0.933316
0.99497867
0.90374756
1.045337
1.172487
0.99499375
1.0273573
1.0601416
1.0269092
1.0513186
1.1192503
0.93862337
1.0023327
1.0209132
0.95538986
1.005004
0.96200264
0.96180415
1.0478543
1.0312772
0.9310548
0.9444467
1.0198143
1.1156032
1.0614828
0.9447861
1.1791067
0.956163
1.0866807
1.1055658
0.9403944
0.91387606
0.9694606
1.1001792
0.9531657
1.0093561
1.1737608
1.1334114
0.8790754
1.0797021
1.0509996
1.114354
1.0487907
1.0995274
1.06899
0.9091085
1.0511205
1.2325928
1.0900902
0.8633392
1.0158682
0.97357374
0.99629045
0.90966296
1.0638262
1.0632131
1.0725136
0.9361448
1.0074948
1.0546908
1.0076413
1.0731168
1.0204594
0.93130696
0.928982
1.1056688
1.0499653
1.0011094
0.93045
0.9736024
1.1270738
0.96237457
1.0311931
0.86246216
0.84831214
0.9498879
1.0817187
0.9203063
1.0830873
1.2063833
0.90692997
0.99576485
0.8630393
0.9134519
1.0795563
0.8851099
0.9893062
0.9235201
0.9817887
0.94637465
0.99899805
1.0506153
1.1000822
0.96805227
1.0659446
1.0478331
0.9739013
0.9821017
1.0053933
0.9882037
1.02458
0.96719134
1.140882
0.9905789
0.98061424
1.0625646
1.1387014
1.0139904
0.94386363
1.0846592
0.9295546
1.0542841
0.9241619
1.07516
0.9624298
0.99897933
1.0356116
1.0074853
0.98663944
1.0829464
0.93718004
1.1185142
1.0731796
1.0783174
0.97734416
1.0512226
1.0132107
1.0616274
0.94691133
1.1809096
0.9701662
0.94433224
0.992886
1.1106856
0.98969334
0.95813537
1.132669
1.0781773
1.0796541
1.061555
1.0866241
1.0214553
1.0741346
0.87526995
1.0660768
0.9260091
0.9596325
1.1310079
1.1069996
1.1354024
1.0813649
1.0055186
1.093347
1.009099
1.1111705
1.0081818
0.8993033
1.076987
0.9600909
0.96864474
1.0678159
1.0204155
0.9467459
1.0528877
1.096698
1.033076
0.9493538
1.1061952
0.97889686
1.0483489
0.9465069
1.109992
1.1589468
0.944903
0.9615534
1.0519822
1.1142813
1.0548003
0.97143173
1.0265883
1.008748
1.0063547
1.1374273
1.1522067
0.9812561
1.0369418
1.0594344
1.0862269
1.0145378
0.99321234
0.94344485
1.0378919
1.0868106
0.90092576
1.167835
1.0342001
0.98192066
1.1293371
1.0767949
0.9525041
1.0347888
1.0226955
1.0977092
0.9723567
0.953732
0.9105191
1.0566177
0.97244424
0.9481659
0.993752
1.0374889
1.1144998
1.0058585
1.0710201
0.93215
1.064651
1.1401565
1.0028949
0.880677
0.9842687
0.932294
1.0711801
1.1382878
1.0459672
0.9286337
1.0620991
1.0291314
1.0422735
0.93790925
0.9657609
1.100313
0.93685067
0.90653086
0.9919588
0.9908785
0.9919068
0.8483306
1.0560572
1.0247047
1.0720488
0.93682545
1.084307
0.95126444
0.893967
1.094451
1.0327535
1.038067
0.9770402
0.84218895
0.94989383
1.0972147
1.0128092
1.0732564
1.0971564
0.91285324
1.0128944
1.0834936
1.0282302
0.9579157
0.9001986
1.0723385
1.1089451
1.1922083
1.1674408
1.0115314
1.015859
1.0238595
0.9471859
1.0855415
0.99193215
1.1047606
0.9891144
1.0527506
0.8579352
1.0491356
1.1103842
1.0478444
1.0723494
0.90296656
1.063421
0.98094165
0.92284095
1.1688316
1.1632524
1.1273792
0.980044
1.0139861
0.99112916
0.99837786
1.0266911
1.0495136
1.0087109
0.99858826
0.89263886
0.9364227
1.0797932
1.0725138
1.0128441
0.9868791
1.1591382
0.85461724
0.9158887
1.0440373
0.9706105
0.9765594
1.083665
1.1371279
0.9664396
0.9996568
0.9391264
0.9623249
1.0732763
1.0885061
1.0748264
1.0283798
0.9580734
0.97633636
1.110271
1.0000956
1.0396757
0.92020667
1.0677159
0.9845321
0.8886161
0.983233
1.0916666
0.99100554
0.91131425
1.1253989
1.0248818
1.1498578
1.1360347
1.194557
1.1061108
1.117244
1.0655613
0.9133927
1.1573278
1.1366103
0.95864904
0.8829286
0.96353304
1.1813452
1.0596325
1.035684
1.0496316
1.0634469
1.0686429
1.0221756
0.9211862
1.0026193
1.0360086
1.1922145
1.0470157
0.91636646
0.8996185
1.1675818
1.0667434
1.0538921
1.1077557
1.0944531
0.8739797
1.0635328
1.0140624
1.1379101
1.1066351
1.1883433
1.0312788
0.9675437
1.0019722
1.0783644
0.9447829
0.9834326
0.974125
1.0429422
1.0086293
1.1266207
1.0287921
0.94413126
0.9549533
1.0829399
0.9505544
1.0189621
1.1107736
0.83318603
1.1015248
1.0041302
0.89645565
0.92464113
1.0740764
1.0251691
1.1033624
0.86622506
1.0653968
0.93312764
1.0752665
1.053433
1.0517676
0.97108054
0.95434797
1.0935955
0.94274795
1.1150599
1.0337561
1.0919751
0.9388328
1.024296
1.110234
1.1658056
1.0368931
1.1175761
1.1175971
1.0572257
1.0713544
1.0319377
0.963637
1.0251653
0.890416
1.1141841
1.0218273
0.99806905
1.1545317
0.9166518
1.1394763
1.0061908
1.105316
1.0956483
0.9140398
1.1432021
1.0371234
1.0685251
1.0014416
1.0598702
0.9887828
0.9833586
1.0068543
0.9193454
1.0705192
1.1166118
0.9370425
0.9710054
0.9655205
0.92781496
0.96215975
1.1274244
0.7800046
0.94607055
1.0658088
1.0792491
0.8649923
0.88800514
0.9697678
0.9677604
0.9661194
0.83116
0.9464205
1.0334318
0.8874072
0.8554003
1.0506852
0.98678184
1.0434111
1.0002623
1.0640612
1.2139664
0.99060047
1.0952377
1.1752326
0.88108104
0.9464741
0.80334866
1.1061871
1.0889372
1.0796733
0.9380672
1.1166177
0.90449744
0.8977243
1.1412926
1.0283842
1.0481861
1.1742697
0.961647
0.8392751
1.0182396
0.98462576
0.98300695
1.0704663
0.94260025
0.9803363
0.97095513
0.9320564
1.0629436
1.0152485
1.2260417
1.0539174
0.9964971
1.1052364
1.0737933
1.0636146
0.96932983
1.1329887
0.8935939
0.93580294
1.1313413
1.0158641
1.0335896
1.0372577
0.9862088
1.0975934
0.8485322
1.0173652
1.0596833
0.8856702
0.99303967
0.9425007
0.99860704
1.1046245
0.9581692
1.0408934
1.0855589
1.0362813
0.97390985
1.1094174
1.0684537
1.016981
1.0628927
1.0658684
1.095772
1.06465
1.127331
0.9027115
0.9293914
1.0949197
1.1350076
0.93178165
0.9325917
0.93077636
1.0334651
0.83267766
1.2006006
1.2158537
1.193378
0.9219151
1.0158806
0.9537885
1.0708699
0.9332397
1.1762221
1.102776
1.0119133
0.9865149
1.0345621
1.0933418
1.0113068
0.9737909
1.1582549
1.041945
1.0985693
1.0594432
0.98204684
0.9898337
0.88774645
1.056181
1.0542054
1.0509067
1.0914611
1.0325278
1.0185785
1.0078487
1.2159817
1.0987937
0.8974632
0.9301462
1.0508999
1.0312738
0.94483626
1.0242875
1.0941635
0.9895336
0.94919205
1.0366666
1.0372491
0.93546623
0.8779845
1.1084461
1.003305
1.0093887
1.1733621
1.1456606
1.1333396
1.0622063
1.0560355
1.0288322
0.9531852
1.0605431
0.91113544
1.0758189
0.9194937
1.0446332
1.0414193
1.117526
0.781962
1.1741683
0.92093384
1.0057995
1.0028403
0.97810245
1.1074648
1.1100662
1.0970021
0.9591239
0.98872685
0.931711
1.0752299
1.0291065
0.88882315
1.0557449
1.0120091
0.97295314
1.1654763
1.0107193
1.1742876
0.9467617
0.9684255
1.003427
0.9927036
1.1524525
1.0583894
1.0515069
1.1285026
0.9703866
0.98825514
0.9573201
1.0912046
1.1159338
1.0139679
1.0996193
1.0658783
1.0180799
0.8150081
0.9932951
0.9854231
1.0635009
1.0166085
1.0732677
0.8613274
1.1002176
1.0634806
0.8819678
1.0263383
1.0378423
0.9430373
1.0670469
1.0534086
0.83088785
1.0254682
0.98547274
1.1297413
1.0960677
1.1559192
1.0042741
1.0388111
0.9821371
1.1721394
1.0267633
1.0215807
1.0957254
1.0048549
0.90511173
1.0982971
0.9048834
1.1801667
1.0972631
1.1024371
0.891946
0.8604531
1.0617955
0.9291699
1.0108612
1.0680096
1.0334868
1.1061523
1.0545671
0.9328206
1.0949061
1.1186455
1.0569215
1.0717077
0.9780435
1.127961
0.95651436
1.0643532
1.0898004
1.0727808
1.0319291
0.9974208
1.0336382
0.79353154
1.0025969
1.0505913
1.0799346
1.079019
1.0000226
0.89927316
1.0665329
1.022639
1.0483754
0.8873329
1.0895605
1.036348
1.1305809
1.1089776
1.1180462
1.1536143
0.9800221
0.9976937
1.0751548
1.0141215
1.1118256
0.95278263
1.0894222
1.027216
0.96408534
1.0801754
0.94686306
0.9190353
1.0334078
1.1051652
1.0736517
1.0679934
1.1064826
0.939379
1.0709944
0.87051076
0.91818804
1.0451043
1.1630983
0.8967426
0.99899125
1.1030927
0.8865148
1.1136193
0.802261
1.0739745
1.0871899
1.1201473
1.1231296
0.94898725
1.1706827
1.073621
0.94949627
1.0973842
0.9879487
0.87439024
1.1095676
1.1631377
1.1182605
0.9183634
0.94950354
0.9037703
1.1069267
1.104429
1.0503237
0.82866585
0.9729728
1.1162579
0.9018645
1.0498263
1.0873511
1.0320096
1.0143063
1.0609872
1.0801343
1.0354128
1.0164099
1.0761042
0.90509915
0.90705925
1.0309799
0.9529096
1.0775338
1.0298682
1.02328
1.0466111
1.001436
0.9508155
1.0343745
0.9362198
0.94295526
0.98029804
0.88858205
0.9931755
1.0704792
0.9597257
1.215055
0.88774043
1.0299637
1.010905
0.915401
1.1098487
1.0528841
0.9070281
0.98531306
0.9096241
1.0843675
0.8586588
1.1122515
1.0560439
0.94007516
1.0215826
1.078321
0.9919039
0.89156663
0.98722655
1.1139235
1.0655005
0.896449
1.099315
1.0515819
1.0992386
1.0326271
0.87787735
1.1075473
0.99939203
1.008955
0.9381358
0.94983613
0.94222105
0.9848929
0.9478846
1.116267
0.9547523
1.0709952
0.97464985
0.8704581
1.110584
0.86732936
1.1136942
1.0072355
0.9417766
1.020365
0.955189
1.1022878
1.0023062
1.0766814
0.92661285
1.0239167
0.833656
1.0432286
1.0000958
0.9408094
1.1576749
1.0405396
1.0386939
1.1812112
1.0296578
0.87729615
0.85126686
1.0778378
1.1121407
1.067383
1.1295924
0.95119864
0.9813082
1.1215402
0.92607564
1.011579
0.98424417
1.1448572
1.1443981
1.058505
1.1521435
1.1352646
1.1962435
1.1388583
1.0327312
0.8060067
0.96695304
1.1521847
1.0183
1.0587053
0.96073097
0.9157092
1.0517795
0.9308218
1.0826867
0.91368634
1.0023735
1.138648
1.069356
1.053633
0.85928416
1.0858934
1.0437074
0.92488605
0.860634
0.9790551
1.0596995
0.85515857
1.0628769
1.1169945
1.1089475
0.95896876
1.0501109
0.9392598
1.0863053
1.0603428
1.0786295
1.1015036
1.0594904
0.77920437
1.1104932
1.0726682
0.9506939
1.0682592
1.0285008
1.0414438
1.031395
0.9149834
1.0564599
1.0793996
1.0175297
0.9948137
0.95754105
1.0561899
1.0265039
1.0985069
0.9455584
0.9969933
1.0203433
1.0428846
0.98234534
1.0612898
0.9986799
0.95499444
0.8597825
1.062937
1.0234044
1.0833848
0.8149041
0.9003668
1.0090096
1.0370421
1.1005313
0.9359101
0.9947673
0.9862393
1.0562557
0.96408486
0.930112
0.98629105
0.9479862
1.0834311
0.98725784
1.1790347
1.0217724
1.0660377
0.99800587
0.9656775
1.0037198
1.0444522
0.92305917
1.0996234
1.0075052
1.0922416
0.89787143
1.0384917
1.0364358
0.8630095
0.9535097
1.1256101
1.0562828
1.063874
0.9701771
1.1336699
0.991009
1.0915215
1.0535877
1.0555474
1.1730592
1.0170581
1.0543966
1.0954262
0.9424778
0.9998362
0.9062809
0.9950416
1.0150466
0.98079145
1.1607356
1.146142
1.0703679
1.0735499
1.1374278
1.0787752
0.9130675
0.99825716
1.0586139
1.0571637
1.1755354
1.042005
0.8650652
1.1067748
1.2088842
1.0420704
1.0788958
0.9794949
0.8858658
0.9676785
1.0325303
0.9816351
0.877324
1.038415
1.1104712
1.0513372
1.106128
1.152811
1.0156963
1.0648806
1.0066168
1.1293929
0.88845253
1.0108677
1.1338724
0.9427811
0.98717046
0.8668066
1.1646185
0.95398134
1.0624274
1.0520754
1.0649233
1.0040957
1.0500381
1.0013523
0.89699364
1.0137498
0.9027598
0.961384
1.069126
0.9752561
1.1301308
1.0093365
1.0395986
1.0242524
0.8899907
0.9681933
0.9101908
0.973058
1.0156761
1.0927033
1.0431752
1.1693199
1.0916492
0.99103016
0.934445
1.0302339
1.0493369
1.089128
1.0844698
0.92209506
1.0746264
0.9769908
0.98133004
1.1619074
1.017059
1.0918195
1.2033588
1.1920621
1.0739387
1.0226455
1.0197086
1.0699931
0.97758925
0.98477626
1.0781767
1.1218467
1.0415926
0.8546735
1.1182568
1.100683
0.9014806
0.8430133
1.0181079
1.004267
1.0040597
1.0949719
0.9281935
0.9667131
0.93972737
1.0273349
1.0996126
0.92137444
1.0629845
0.98061657
0.95540655
1.0568469
0.97510415
1.0363197
1.0276635
0.9514228
0.90609133
1.1385236
0.9863851
1.1410911
1.1470859
0.9681729
0.9408161
0.9216272
0.9299253
0.7635579
0.98774105
0.93542075
0.9804435
1.1760494
0.9781767
1.0876923
1.0138556
1.1578698
1.0753009
0.9519813
1.0015886
1.0318271
1.0521085
0.92486084
1.074737
1.1303886
1.1313226
1.0752571
1.0581408
0.8883742
1.1362803
0.96896815
1.0845888
0.9279693
0.93809485
0.92831933
1.0485452
0.8863002
1.0275378
0.98273134
0.9919398
1.1124798
1.1139705
0.9985588
1.0154227
1.0102545
1.13924
0.87380266
1.0035508
1.0757041
1.0626047
1.0255079
0.9617431
1.2063322
1.0952394
1.0449617
1.0888172
1.264751
0.9738909
0.9522467
1.0935186
0.8533827
1.080193
1.0338249
0.93842363
0.90098894
1.1122032
0.9783703
1.068044
1.1238904
1.0815728
0.922351
1.1090779
1.0562472
1.022222
1.0385861
0.9991065
1.0201333
1.0107648
1.1401789
0.9210005
0.97814965
1.0621114
1.0634952
0.92996526
0.913187
0.8927324
1.1012598
0.9392909
0.87263143
0.98408276
1.0089118
0.9106143
1.0446415
1.0579917
1.1462195
0.9612653
1.1976585
0.9318956
1.0662549
0.9601321
0.9875498
0.9726975
1.0905523
1.0223277
0.9657463
1.1333096
1.0946667
0.8671999
1.1161215
0.91154087
1.0856974
0.97993195
0.93529373
1.1105313
1.1191694
0.985178
0.91860884
1.0035336
0.8899384
1.0881739
1.0993707
1.0240315
0.8374053
1.0079538
0.9462284
0.85487556
0.904237
1.0471628
1.0650998
0.93309665
1.0016729
1.0527304
0.8211389
1.1021463
1.0323057
0.9569833
1.0812097
0.9731287
0.96008074
1.1153512
0.9359835
1.1621623
1.1056842
0.89124715
0.90128696
0.9609351
0.94395447
1.0174725
1.01336
1.039695
1.053232
1.0433257
1.0505757
1.113775
0.9754691
0.98003745
0.9458099
1.0121244
1.1490382
0.9900594
1.2286754
0.978357
1.0744427
1.073029
1.1062765
1.0801717
0.8583882
0.9827883
1.0552824
1.0945218
1.1462978
0.8543582
1.0975115
1.0001965
0.9528406
1.0577577
1.0965059
0.91646063
0.82018995
1.0277188
0.94882023
0.98921007
0.9840066
1.0233569
0.96289504
1.0510826
0.894491
0.965397
1.0155597
0.87635803
1.0604587
1.125865
1.0375421
1.0051724
1.0243261
1.0168335
0.93306804
1.0228775
1.0476145
1.1007591
1.0044286
1.0278383
0.9857201
1.0170915
0.89569765
1.0592536
0.899464
0.9295839
1.0343643
1.0726409
0.9642112
0.953902
1.0425692
0.92147624
1.0207626
0.9073277
0.9784213
1.0057142
1.1157827
1.1391319
1.0986981
0.8004941
1.0456526
0.8813463
1.1530329
1.0356932
0.8855737
0.9686692
1.1354737
1.0388737
1.0885485
0.9259397
1.0201049
1.053774
0.9357752
0.90555525
1.1766312
1.0007982
1.1011801
1.1007888
0.96676993
1.0511315
0.9601233
1.0917934
0.8764497
1.0133634
1.074718
0.96265554
0.9987108
1.0434186
1.0624015
1.0960073
0.99578375
0.9390944
0.9425287
1.139246
0.9435567
0.9699277
1.0055823
0.97328925
1.0725188
1.0443327
0.9298111
1.0697837
1.164222
1.0695627
0.88544536
1.0354681
1.0386186
0.8792344
0.95978737
1.0605497
1.1156694
1.0006881
1.1116531
0.9849925
1.0482054
1.0740302
1.048002
1.0358534
1.1061103
1.0892143
1.1717598
0.9755161
1.009247
1.017951
1.1123414
0.990579
1.1578214
0.92284405
1.076172
0.9127959
0.96136224
1.1074483
0.86395365
0.9073963
1.0305997
0.9892571
0.9412116
1.0520285
0.9707905
1.0166644
0.98858523
1.068496
1.129386
1.0386243
1.0886009
0.97522175
0.943612
0.9213693
1.0048736
1.1478941
1.161988
0.8587465
1.0338521
1.0451536
1.032136
0.94495773
0.8744873
0.95365345
1.0780449
1.0022781
1.0393884
1.1166569
0.982135
0.95339936
1.0513492
1.0215789
0.97238755
1.0762541
1.0621164
1.0731237
1.102227
0.9290006
0.87619716
1.0584943
0.9144895
1.2027285
0.8826002
1.0961049
0.9682636
0.82236516
0.9303813
0.92583895
1.0740856
1.1167291
1.1275836
0.9512491
1.0185094
0.8688211
1.0207828
0.9087877
1.0341799
1.0007205
1.1595068
1.1028217
0.94202656
1.1192715
1.116466
0.96805304
1.0516264
1.0703107
0.9627927
1.1378233
0.9978434
1.2019131
0.87557197
1.2198758
0.9988055
0.90075517
1.0011375
0.95615125
1.0759948
1.1738013
0.8330426
1.0872369
0.8929906
0.79128444
1.1397481
0.94835615
0.96864367
1.0268066
1.149231
1.0054728
1.018308
1.0985138
0.9755028
0.99712825
1.108789
0.87139803
0.9214605
1.062551
1.0642263
0.9476059
0.98790836
1.1261907
1.218844
1.165921
0.89379853
1.0003542
0.99647254
0.99879354
1.0984881
1.1241152
0.94615936
1.0887411
1.0300338
1.0734718
1.0970322
1.0995967
1.0401356
1.0954535
1.1513901
1.0977154
0.91980064
0.92121136
0.9247035
0.9924345
0.8366758
1.0396886
1.0108424
1.0268853
0.9028058
1.1904671
0.85071445
1.0488343
0.94554067
1.0009639
1.062388
1.0502517
0.8389203
1.0639676
1.0354804
1.0888047
1.1035497
1.0067563
0.9304733
0.9526333
0.92113996
1.0335345
1.1183467
1.0220784
1.0005537
1.0668917
1.1448119
0.96377945
0.86076665
0.9775856
0.9831157
0.9794359
1.0392363
1.0457997
1.078012
1.0492568
0.95413226
0.83830726
0.9937508
0.88047814
0.8994419
0.82055104
0.92683417
0.96539485
0.9183656
0.8889847
1.0328467
1.0390923
0.942737
0.91240263
1.0745203
1.0391982
1.0550048
0.8625989
0.88742965
0.8710131
0.9364294
0.95669436
1.0254269
1.0552201
1.0868869
0.9719779
1.0436245
0.9016174
0.8674082
1.074934
0.9830222
1.0341713
0.85311186
0.90383315
1.0001879
0.8364557
1.0200913
0.8397612
1.0348282
0.9892137
1.0831546
0.87608695
0.8906989
0.86948526
0.96526027
0.9807581
0.8608122
0.96923447
0.8152404
0.98617285
0.926687
0.99278075
0.95224404
1.0295573
0.8727101
1.0523953
0.9419987
1.0046616
0.9953043
0.97528017
0.9287332
0.95093536
1.1399078
1.0824124
0.9057677
0.86481714
0.9766786
0.8809683
0.9531379
0.89238155
0.9393023
0.90647554
0.9161267
0.8013433
0.96085346
0.90186477
0.88983023
0.88948786
0.8969935
0.9099195
0.82890534
0.9611472
0.82539433
0.86078465
0.88195336
1.0371056
0.8894719
0.9591005
1.155119
0.7674825
0.8844335
0.9529766
0.9917876
0.7693188
0.8780116
0.9138342
0.9806138
0.8672937
0.82396984
1.0111452
0.9492096
0.95300627
0.92681813
0.96153903
0.8090215
0.91590565
1.1273482
0.9310915
1.040025
0.87452656
1.00807
0.8663813
0.95963335
0.98301935
0.96004695
0.8915032
1.0614786
0.88573694
0.815796
0.7938895
1.1318198
0.76825726
0.88748443
0.95784706
1.0799506
1.195554
1.0352006
0.95717204
0.84406215
0.92701447
0.81408215
1.0639571
0.84901094
1.0450838
1.0787361
0.83598804
1.172452
0.85710883
0.8606219
0.7814298
0.88065267
1.163332
0.9901475
1.0272391
0.95425844
0.98382497
0.9464588
0.920207
0.78484064
0.87349355
1.0580313
0.96152985
0.9107941
0.92849755
0.88125646
0.90388525
0.9927094
0.84838974
0.9315447
0.92401016
0.80829656
1.1509473
1.0900685
0.98662984
1.0260967
1.0465088
0.86955696
0.8764248
0.9301872
0.95076764
1.0535729
0.8250673
0.8606574
0.92245
0.9619355
0.96450245
0.9598118
0.94729006
0.9251051
0.8813172
0.89375246
0.8138517
0.9573554
0.99937665
0.92294586
1.0772893
0.97702366
0.9839602
0.89956546
0.99010074
0.8000936
0.9687246
1.0664966
0.9230905
0.863953
0.87107754
1.1066414
0.93906915
1.0659202
0.9161117
0.90149105
0.95146346
0.98329306
1.0485694
1.139225
0.83020926
1.0684924
0.90306324
0.9948407
0.8512762
0.91515255
1.0044086
0.9054415
0.801893
0.8699298
0.82688755
0.9113601
0.8580016
1.01907
0.8637018
0.9236464
0.9228934
1.08704
0.87891734
0.9848716
1.1439073
1.1000843
0.8364185
0.9738029
0.85318244
1.1200994
0.8812861
0.82565963
1.0688837
1.0966191
0.90066946
0.8268162
0.9641273
1.0382204
0.947394
0.7987606
1.0580318
1.052938
0.86368555
0.9208623
0.8390257
1.1372792
0.80303067
0.9604469
1.1073036
0.9679214
0.9631436
0.8199972
0.9859453
1.0692776
1.0440578
0.83084834
0.89918464
1.0603191
0.9639058
0.9962485
1.036809
0.99942535
1.0028125
0.86535907
0.85528564
0.9256305
0.9595423
1.0874903
0.8900492
0.915227
0.87258565
0.8313498
1.0110483
0.89117396
0.87168336
0.8374239
0.8526708
1.0482516
1.0881912
0.8881781
1.1291337
0.97884184
0.8731513
0.9028214
0.951683
1.0303334
0.89958566
0.8880762
0.95882857
0.8999535
0.83744574
0.8032015
1.0006819
1.1147275
0.8956118
0.8841511
1.0157804
1.1024092
1.0053604
0.85839605
0.91509116
0.9462205
0.9803984
0.83492476
0.95824945
1.1979337
1.1198709
0.99597967
1.0813527
0.91757715
0.967232
0.95054066
0.9437777
0.9696356
0.93650895
0.9615881
0.9006098
1.0404341
0.9391501
0.91623914
0.8732169
0.768664
1.0716457
0.8978275
0.97017086
1.0461587
0.8754289
0.7879899
0.952631
0.94537383
0.99423736
0.9143995
0.83860457
0.9895891
0.9454328
0.8237361
0.9709172
1.002522
0.9183589
0.9099158
1.0404441
0.9852353
0.9255744
0.8745265
1.0249623
0.9544147
1.0590055
0.8823812
0.8751236
0.8287985
0.902193
0.8513698
0.9546373
0.9649455
0.9285846
0.98973167
0.8180607
0.925838
0.9618584
0.8377279
0.8738322
0.8366064
1.0391734
1.0334593
1.0474486
0.84360874
1.0319252
0.88734126
1.051788
0.8726355
1.0784869
1.0016062
0.88339376
1.0124427
0.9508331
0.90092814
0.7778094
0.79915184
1.1183846
0.90646565
0.89959955
0.85605526
0.92826045
1.0929983
1.1115824
0.7764112
0.9782643
0.9802851
0.7768191
1.0094178
0.951355
0.90766776
0.87443113
0.8794282
1.0914099
0.8909517
0.8885394
0.8625544
0.8803729
1.00313
0.9295343
0.8708621
0.92045987
0.95315456
0.7927794
0.95184684
0.86044204
1.0107168
0.9207555
1.0828547
1.057019
1.1146717
0.8735926
1.0759088
1.161216
0.9194205
1.0326529
1.0116544
1.0233963
1.0089175
1.117605
1.0732905
0.8826188
0.9605472
0.947564
0.7956035
0.9328486
0.9113666
1.0594858
0.94790363
0.8838958
1.0791252
0.9110761
0.8395644
1.0431488
0.941266
0.89786243
0.88009125
0.87112767
0.8163385
1.0722501
0.9701228
0.82700646
1.1068053
1.0227462
0.97423965
0.88113445
1.1164885
1.1488693
0.9971446
1.0817299
1.041028
0.91271377
1.1910741
0.8563423
0.8796463
0.8392748
0.8790813
1.0484169
1.001966
0.91169876
0.90526783
1.078973
0.9471266
0.9214741
0.80177784
0.84391624
0.8455653
0.96368027
1.0464174
0.8043357
0.9099869
0.93019116
0.8493849
1.0927064
0.891832
1.0353968
0.860732
0.92006135
1.023191
0.9026879
0.890567
0.9533912
0.8825056
0.9555775
0.8850351
0.95770276
0.80203474
1.0265807
0.9366542
0.91264725
0.9542562
0.9072567
0.8615024
0.8234564
0.8224875
1.0318244
0.83557034
0.88534737
0.9151362
0.8122099
1.0436158
0.9775876
0.9461019
0.9813516
0.9017315
0.95545244
0.97164625
1.0147833
0.86259276
1.0332725
0.8713106
0.87656456
0.94322455
0.835554
1.0707166
0.8588623
0.942381
0.9175495
0.9381801
0.77049893
0.9001016
0.90522844
1.0772262
0.90961885
1.0193651
0.8565857
1.0399404
1.0555756
0.9563948
0.9194586
0.8753699
0.90472746
0.97515285
0.88598216
0.9450666
0.92635524
0.99468213
0.92541623
0.94192374
0.8929977
0.909201
1.014642
1.0627418
0.87346184
1.0296515
1.0011866
0.9675102
0.8814046
0.93359864
0.9060266
0.87879986
0.98214084
1.0685407
0.9876051
1.1521648
1.0371722
0.9347873
0.83785206
0.8288014
1.0056264
0.9193523
1.0266296
0.87233967
1.0971773
1.0906913
1.0701389
0.94604397
0.92478347
0.8612683
1.1077163
0.9489504
0.8813406
0.9804364
0.98560715
0.9024974
0.9568864
0.88414025
0.80840904
0.7809248
1.0026212
1.0430014
0.8223301
0.87483466
0.9361558
1.0999126
0.82918465
0.90233314
0.82651544
0.9861914
0.9313978
0.8476458
1.0036614
0.9202127
1.0709623
0.9008977
1.0575756
1.0379931
0.84595406
1.0592959
0.9226533
0.8256575
0.88648736
0.8292738
0.92688066
0.98130023
1.0331099
0.9648118
0.9039453
0.9379494
0.7884918
0.93122745
0.97472364
1.0687385
0.8042063
0.9544451
0.87122905
0.9349924
0.9480802
0.9818077
0.9238152
0.9636288
0.7968044
0.9577927
0.81128573
0.87345237
0.81982404
0.7740575
0.76967776
0.9178412
1.1887202
0.8619042
1.022661
0.8983799
0.7938305
0.97788346
0.992393
0.79018605
1.0003797
1.0498072
0.9018129
0.7873797
0.902291
0.92921114
1.0454957
1.1564248
0.8785491
0.872571
1.0487772
1.0252253
0.82179594
0.8383154
0.91603565
1.0649449
0.87027156
0.9920158
1.0820215
0.946944
1.0650641
0.98431253
0.8610283
1.011369
0.8852488
0.94404805
0.9818588
0.9344351
1.0162795
0.9069542
0.8271561
0.9697215
0.96306956
1.082798
1.0178921
1.0305655
0.8682475
0.97198105
0.9763229
0.9212276
1.0607684
0.9368676
0.9334551
1.010061
0.933602
1.0081558
0.95427155
1.0676506
0.8978605
0.8686645
0.87680805
1.00759
1.0451176
1.0217075
0.9280449
0.9506018
0.8025538
0.8799722
0.8950397
0.8946978
0.914641
0.8533596
0.9472848
0.81492394
0.81502
0.862833
0.91159433
0.8592081
0.83290505
0.92864275
0.9058625
0.95482177
0.94877994
0.88347363
0.9036774
0.9167304
0.99336684
0.8643298
1.0363877
0.8100213
0.9765719
0.8999599
0.9108485
0.9525447
0.99996054
0.820583
1.0368569
1.0059882
0.95009553
0.8807624
0.8430456
0.874027
1.1456774
0.86135733
1.109822
1.0558116
0.9128205
0.8119378
0.8618336
0.79369557
0.9267043
0.8565371
0.8994667
1.1218433
0.7945115
0.96565175
0.9510835
0.81075835
1.0235355
0.96322453
0.95889723
0.93302464
1.056356
0.81976306
0.9913249
1.0193124
0.9971628
0.9676702
1.0148908
0.92820704
0.8223117
0.9294753
0.85659003
0.76149404
0.9855895
1.0618753
0.88358724
0.9494668
0.83594733
0.86668044
1.024396
0.9302063
0.80503404
0.84734607
0.91451883
0.9054566
0.9277178
0.94874644
0.8520321
0.8513618
0.9160023
0.89643407
0.898843
0.8906992
1.0054438
0.8372597
0.873816
0.9062316
0.9589929
0.9584395
1.007366
0.87323004
0.97412443
0.8768724
1.0795057
0.8241509
1.0309854
0.8554747
1.1006925
0.79921776
0.979071
1.0627177
0.9587487
0.97167325
0.9389321
1.1841185
1.0675279
0.82071686
0.89884937
1.0260986
1.0456204
1.0136039
0.9022434
1.0477483
0.8694576
0.9026023
0.90668976
1.0792129
1.079226
0.8927331
0.9935819
0.885559
0.96228194
0.83893216
0.8428169
0.86447126
0.8223144
1.0370345
0.9207723
1.0573857
1.0336219
0.92915595
0.7754123
0.9062364
0.8931426
0.93937856
1.0666296
0.93713343
1.0654459
0.8783767
0.9267956
1.0735135
1.0220371
1.0239613
0.8584688
0.93524814
0.8765112
0.9331622
0.8818409
0.8877282
0.9589787
0.9749873
0.79574555
0.8222503
0.9406234
1.1026461
1.0411208
1.073292
0.79366195
0.9318621
1.0554271
0.9333424
0.9144551
0.81960905
0.91856015
1.0276415
0.77851224
0.8831897
0.9373804
0.9631082
1.0714533
1.0870697
0.91893244
0.8825367
1.0824306
0.9592453
0.95979583
0.97606325
1.0687339
1.0078415
0.8605486
0.82449585
0.8739356
0.96239597
0.9202187
1.0173732
0.88693213
0.87164307
0.80713403
0.8930199
0.98660046
0.9291375
1.0695846
0.84377205
1.0715768
0.92436844
1.0334189
0.8893194
0.97840846
0.86548173
1.003916
0.98219943
0.9125842
0.91301525
0.8492611
1.1446551
0.88186646
0.8892452
0.85704386
1.0242088
1.0173496
0.8833951
0.91597843
0.943084
0.8011322
1.0417093
0.8848038
0.91977465
1.003819
1.0113132
0.837925
0.9450005
0.86108446
0.9974302
1.0255628
0.9130267
0.8814745
0.83122605
0.82889247
1.1326113
0.9959221
0.88773435
0.88631934
0.8319685
0.8651229
0.8797381
1.0893946
0.8617699
0.9236785
1.0734603
0.77887845
0.9765983
0.86997736
1.0880644
0.8998873
0.88205063
1.1492589
1.0535569
0.98377013
0.85521376
0.9075954
1.0233041
0.8448572
1.005331
0.9762894
1.0232108
1.0582037
0.95919454
0.8519459
0.9947034
1.0524666
0.81603485
0.8703607
0.9103519
1.1058397
1.0345924
0.9937973
0.91750926
0.8856303
0.8921484
0.81762195
1.0535958
0.86365914
0.7970395
1.0908794
0.7856977
0.9465927
0.8141962
1.0261557
0.9541594
0.96047497
0.8538958
0.8072907
0.9646497
0.8956908
1.0109202
0.7875867
0.9279778
0.9936818
0.9005862
0.8751333
1.0094141
0.91224754
0.96404576
0.8830769
0.9916378
0.943403
0.90648174
0.83373344
0.9394065
0.9125684
0.81036806
0.88972044
0.88662827
0.8465716
0.8598895
0.8508307
0.945747
0.9552898
1.0489573
0.92280906
1.0079474
0.9817184
0.9069119
0.9539975
0.99329376
0.8621079
0.88896984
0.8793988
1.0316529
0.87735534
1.1445012
1.0903318
0.866449
1.0638565
0.99758005
1.1621163
0.9887599
0.9497151
1.0110672
0.8480209
0.9385381
1.0806942
1.0513599
0.8054476
0.8699707
1.0290444
0.93129194
0.84107333
0.9214459
0.86752564
1.0502692
1.0297676
0.90549064
0.97279006
0.91104865
0.88409436
0.87139237
1.1219392
0.9514353
0.99515164
1.1237963
0.8823882
0.8937123
0.8378835
0.78791827
0.9340074
1.0002986
0.83124876
0.87390864
0.8554826
0.87378544
0.8488227
0.7847309
1.1270496
1.1141219
0.974524
1.0513017
1.034657
0.8316044
1.0105951
0.85934556
0.8618274
1.0205004
1.0557255
0.93628544
0.9144753
0.8468067
0.9115855
0.8842575
1.0530276
0.94433296
1.0434383
0.8474615
0.86798584
0.8645447
1.0344124
1.0049362
1.0252315
0.89338267
0.82569295
0.95882314
1.000542
1.0452263
0.84645796
0.8320304
1.0753224
0.8864008
0.9200772
0.95884407
0.9006339
0.94623446
0.932451
1.1063559
0.7722779
0.92064667
0.9578859
0.7705733
0.9497869
1.0345417
0.9678768
1.0406284
0.95699465
0.9120338
1.012068
1.0353932
0.9983468
0.9118043
0.876287
1.044366
0.78752553
0.821149
1.1415819
1.0630233
0.98914814
0.9845977
0.9370042
0.9369235
0.9410175
0.910355
0.827024
1.0343044
0.931112
1.01478
0.9178363
1.0989325
0.9975542
0.98592055
0.9866238
0.8536234
0.86925435
1.0808764
1.0276698
0.96200764
0.924103
0.9596497
1.0014756
1.1740794
1.003725
0.9797473
1.0585954
0.9783248
0.9664693
1.0929179
0.8445581
0.98279905
1.0128956
0.9100818
0.872034
0.907974
0.90377855
1.0573466
0.75653684
0.96605027
0.89799005
0.95463574
1.0947468
0.86314857
0.87938607
0.9126073
1.1438224
1.0265769
0.9652543
0.99253905
0.9313766
0.8340201
0.97730213
0.8274151
0.7972034
1.129576
0.9144242
1.0186834
0.87279034
0.8094074
0.7848872
0.90945405
0.81458664
0.8011307
0.91116405
0.8944902
0.9655626
0.8876183
0.880418
1.1602066
1.0139486
0.82671726
0.89930534
0.86157966
0.83112276
1.0771768
0.920187
1.0380185
1.0535536
0.9223287
0.80139256
1.1674318
0.9219272
0.91329044
0.881394
0.95932925
0.8658786
1.0284274
1.0398419
0.9120465
0.9366051
0.9335293
0.90515727
1.0096154
0.84330964
1.0516168
0.83882976
0.86264837
0.8735404
0.98627484
1.0053198
0.8397128
1.096679
0.8587729
1.0753058
0.8945869
0.8776865
0.90043795
0.96473503
0.913584
0.8658307
0.985808
0.92267543
0.962747
0.96449816
0.8890804
0.8174604
1.0146184
1.0196122
0.8506696
1.0770485
1.0382392
0.92524874
0.8344538
0.9940245
0.87757623
0.8580148
0.9142529
1.0461745
0.91666424
0.9020593
0.9136183
1.0623107
0.9098134
1.0262802
1.0234947
0.8227394
1.0116646
1.0728507
1.0124489
0.95887697
0.86508584
0.92550546
0.885674
0.93763846
1.1136632
0.8038369
0.8693812
0.9215098
0.9676615
0.9289515
0.8915845
0.8635773
0.9559785
0.8165567
0.82870746
0.8101711
0.77941954
0.9016943
1.0057981
0.973575
0.9368374
1.0153011
1.0772765
0.9286704
0.9340513
0.8189063
1.0136602
1.0426941
0.86160433
0.8666737
0.8488959
1.0879157
0.8218453
0.8810377
1.1509095
0.9239048
0.889199
0.8295737
0.84988505
0.91896665
0.8368362
0.8577808
1.0821314
0.94619083
0.97909397
0.97401136
0.92948765
0.8160104
1.0381378
0.86683995
0.78492934
0.9473745
0.9323474
1.0190573
0.82947344
1.0249848
0.88186693
0.8919273
0.8324028
0.8867464
0.9433782
0.8639439
0.82269764
0.9570286
0.8906945
1.1135308
0.83567214
1.1068817
0.9029195
0.94642127
1.0320342
0.9989474
0.8893809
0.9678215
0.7815993
0.9561502
0.81202793
0.90228295
0.8911638
0.9452878
1.0705814
1.0536981
1.0384514
0.9542134
0.93294895
1.0438747
0.850886
0.91774476
0.9311936
0.8878702
0.8993304
0.86278033
0.8954247
1.0657482
1.0421035
0.83942854
1.0334563
1.0742624
1.1311913
0.9221773
0.92087567
1.0385425
0.8809015
0.8727209
0.8913816
0.91460913
0.91876435
1.0206065
0.9972051
0.88097787
1.0270926
0.91585577
1.038282
1.1522548
0.90241706
0.8966729
0.8244889
0.8428334
0.7819917
0.9846135
0.97281563
0.9489463
1.0653445
1.0711396
1.0339686
0.8723912
0.9479632
0.8134315
1.0343909
0.98202753
1.0777639
0.88404393
0.8518221
0.9920947
0.8299875
0.8744699
0.8562618
0.92862636
0.9781641
0.9348546
0.9219447
1.046763
0.87135434
0.9288155
0.93592024
1.0063578
0.9681252
1.012212
0.8420676
0.93267465
0.9092186
0.9802321
1.0374361
0.95822847
0.82638997
0.8511311
1.0019958
1.1514096
0.94390774
0.9547673
0.91568285
0.9993415
1.0142531
0.88420093
1.0694611
1.0181404
1.0124581
0.9308231
0.8255508
1.0031816
0.8028624
0.89766145
0.9313446
1.0494096
1.0613227
0.8564121
1.0304691
0.85201573
0.8952931
1.0726346
0.82888967
0.9467548
1.0853107
0.98001474
0.9638083
0.9577483
1.0882432
0.9038882
0.97878563
1.0251797
0.8608682
1.0459646
0.9015598
0.7952925
0.8442259
0.85397124
0.8271713
0.8946261
1.0050864
0.7918471
0.99608576
0.96595085
1.0244012
0.93697006
0.998351
1.0906186
0.8924467
0.84630346
0.97392
1.0773635
0.80967736
0.8246741
1.0660491
0.9010224
0.8852844
1.0437894
0.8167063
0.86744547
1.0660758
0.9797524
0.9569915
1.0660498
0.817907
0.901754
0.9818405
0.95655006
0.88730174
0.98690414
0.95814943
0.9238221
1.0498726
0.9991499
1.013408
0.9328517
0.99025404
0.78859377
1.0454135
0.7897677
1.007773
0.92335963
0.9331568
0.9602045
0.9612242
0.9325408
0.87559545
0.82931733
0.85753125
0.96614885
1.079063
0.9389396
0.8997407
1.207052
0.9798989
0.7472268
0.97493625
0.96629953
0.89464897
0.93150586
1.0322739
1.0875088
0.8214754
1.040589
0.9685967
0.9980438
0.9525684
0.98855495
0.8975808
0.9494604
0.9740616
0.919955
0.906525
1.0059712
0.78925645
0.98515034
0.9745445
0.8473569
0.851897
0.82486486
1.0622816
0.9348704
0.8638181
0.88950384
1.0886405
1.0061252
1.0523498
0.9033371
1.0434109
0.8381202
0.9929762
0.9250237
0.90850246
0.81549644
0.8994382
0.94625235
1.0528798
1.0943238
0.9857121
0.9071051
1.0094756
0.8159064
1.0365834
0.9069185
0.89654934
0.8463175
0.9706068
0.9082954
1.045968
0.9005386
1.0212994
0.968406
0.7967552
1.0561292
0.7881561
1.0362846
0.94526947
0.9830826
0.8516141
0.89010906
1.0622038
1.0322115
0.95153743
0.89090383
0.9331058
0.84866476
1.0526674
0.8172269
0.91832554
0.8732933
0.9443147
0.9317262
0.9288829
0.8300542
0.87800825
0.8818401
0.93372816
0.96964
1.0720553
0.8994316
0.81022966
0.8166313
0.90581757
1.093011
1.0028462
0.8619775
0.89764154
0.8642223
0.92377937
0.87580055
0.88229305
0.8674302
0.82745445
1.06144
1.0105683
1.0025955
1.0854124
0.98340464
1.0426068
0.96501446
0.8665706
0.9453286
1.0544057
0.8872075
0.8385757
0.8694142
0.91536665
1.1281539
1.035539
0.9204667
0.81517196
0.91010225
0.91695344
0.94734037
0.92492723
0.8838067
1.0072486
0.9321165
1.0136583
0.8733914
0.9618518
0.8396807
0.94822043
0.9380232
0.9113666
0.88782275
0.9406921
1.0784054
0.9044345
1.0018035
1.1032283
0.9292235
0.9086232
0.83715713
0.96722287
0.8910401
0.8719733
1.0344522
0.82139623
0.8481728
1.0179163
1.0262964
0.81430703
0.9851997
0.9097551
0.90945125
1.0062457
0.9451203
0.92986995
0.84215105
1.0750917
0.9585018
0.8126942
1.0550747
1.0247569
0.7665089
0.8289851
0.94917625
0.88323355
1.1268752
0.9828531
0.9482026
0.84149224
0.9103113
0.9908464
0.92996705
1.0605248
0.9611268
1.0960934
0.95927376
1.0783594
0.79831105
0.83881223
1.0333523
0.7742983
1.0169375
0.9414346
1.0325246
1.0057727
1.0449865
0.91833675
0.98384225
0.98443496
1.017122
0.92183185
0.9905888
0.85991716
1.0978029
0.9240917
0.88734996
1.0456682
0.9939307
1.0473621
0.97192466
0.9311718
1.1325539
0.9322301
0.92156327
0.8891281
0.9289763
1.0527763
0.8372647
1.0075525
1.0460076
0.873038
0.99682105
0.99723434
0.9643112
1.1188421
1.0560548
0.941984
0.9088135
0.90595424
1.0358073
0.8717874
0.7582798
0.95285416
0.967451
0.839962
0.945653
0.8996892
0.93748695
0.84027267
0.914889
1.0159245
0.7942339
1.0631669
0.9840548
0.997502
0.9474751
0.92993253
0.90630066
1.0928555
0.8210021
0.88878965
1.0015975
0.9178721
0.9238188
0.84113955
0.8937819
0.91880846
0.953928
0.9135887
0.92236495
0.9323193
0.8642037
0.8869715
1.0878491
0.8976917
1.0645051
0.85683703
0.9414023
1.0471413
1.1114767
0.90346575
0.923491
0.92297864
0.93425226
1.1292675
1.0467694
1.0639434
1.0676485
0.9787334
1.012775
0.93301654
1.1513247
0.90796894
0.9291164
0.8258039
1.0238249
0.96334195
0.92383486
1.0784996
1.1094373
0.8706274
0.8790616
1.036418
0.9643645
1.0172397
0.9731629
1.069894
0.9999531
0.946156
0.9730211
1.0828
0.77473795
0.9804525
0.7916564
0.8719417
0.95224047
1.0443826
0.99828327
0.8190487
0.9271841
0.89821225
0.88302743
1.0285866
0.87559855
0.98108006
0.9148551
0.94104475
0.97275746
0.8768823
0.78812844
0.9448528
0.9902518
1.0672585
0.9783561
0.89184535
0.95110434
0.9301508
0.8690243
1.1381598
0.8237771
0.86529565
1.038998
0.8941412
1.0427396
0.83555204
1.21892
1.0950121
0.93337685
0.8673251
1.0481522
1.0140969
0.8131273
0.9245262
0.8447393
0.84499323
0.9713475
1.074919
0.9200634
0.9556236
0.8950268
0.88068473
0.8627996
0.9062983
0.8597504
0.89307314
0.903598
0.9358238
0.91616
0.8839576
1.0852178
0.8013267
0.76876867
0.97329926
0.96533084
1.0222368
1.0355484
1.0236278
0.9817178
0.80870134
0.86017245
0.8787949
1.0065665
0.9444395
0.93788636
0.9587902
1.0193793
1.0396941
0.9999949
0.8443786
0.81755936
0.8685296
1.0311775
0.962659
1.0386102
0.93213034
0.8608698
0.8646851
0.8517409
1.0072994
0.85754853
0.93787456
0.87356627
1.1128782
0.96205497
0.82430756
1.013341
0.8349774
0.9572815
0.79534566
0.90480435
0.8787508
1.0743254
0.96280444
0.91338056
0.96774936
1.0118678
0.90498483
1.07944
1.0617735
0.95368046
0.968984
1.0908844
0.8921793
1.0507264
0.86728954
0.9980465
1.0325282
0.8461738
0.9494046
0.88275224
1.0854758
1.0994679
1.0494971
0.9973744
0.9074626
0.8402626
0.92309487
0.83825016
1.0335387
0.9853364
1.1139474
0.9939374
0.938856
0.93721706
0.8161262
1.07038
0.8514441
0.9651688
1.0687585
0.94594884
0.84699273
0.7873359
1.050123
0.96764106
1.021513
1.0627029
0.84622073
1.0271642
1.035563
0.9497049
0.87012064
0.9360287
0.99835503
0.8196182
0.8724757
1.0520365
1.0285764
0.9282365
1.0135055
1.0529459
0.85822725
1.1561704
1.0208523
0.8817396
0.9231423
0.9253656
0.91684175
1.0454862
0.9214484
1.0122069
0.917926
0.8838874
0.9208964
1.058608
1.0416652
0.9482802
0.9590488
0.8983969
0.98408616
0.90501773
0.82092506
0.8585191
0.7746669
0.95738566
0.9054858
0.9646913
0.8624184
0.9500202
0.937972
0.8270072
1.0262058
0.86386347
0.9052417
0.941572
0.819353
0.9009454
0.94732803
0.82112706
1.1191721
1.012441
0.83942306
1.0579277
0.92876637
1.0141405
0.9887112
0.8217783
1.0370642
0.9494916
0.7789849
1.1602892
0.9033488
1.0291586
0.9217638
0.94914526
0.95613647
0.91143864
0.9188504
0.90033305
1.0625358
0.90706885
0.9393847
0.9312068
0.82526445
0.9647181
1.0072833
0.82692397
1.1367667
1.0098524
0.93734
1.0329572
0.87662435
0.94915247
0.9508
1.0692708
0.9439192
0.8307588
0.84828115
0.81051373
0.84184694
1.0401351
1.0244317
1.0346795
0.89776635
0.91016793
0.7706616
0.8590608
1.0601737
0.79404247
0.97022164
0.8865124
0.83856213
0.94076556
1.0309812
0.86849594
1.0868628
0.81891906
1.1554773
0.8306141
0.9270438
0.925505
0.8422322
1.0319166
0.9399097
0.80195403
0.8749819
1.0704114
0.92089164
0.91736317
1.0854118
0.8498428
1.1180654
0.9129022
1.0085058
0.8214463
0.9604466
0.8238743
0.9375895
0.8613739
0.9449834
0.9228958
0.8984596
0.8844386
0.96585095
0.8322214
0.81711113
0.89465725
0.89623415
0.93136775
0.82899904
0.9644423
0.9376333
0.9964271
1.0215013
0.88137174
1.009582
0.8160492
0.9231498
1.0217328
0.9267426
1.1582819
0.95518124
0.96802807
0.8760133
0.84260046
0.8565555
0.8608308
1.0011837
1.155721
0.82845867
0.88230455
0.9228514
1.029701
1.0497096
0.9105978
0.8464017
0.7818694
0.988017
0.85378206
1.0735133
0.8661609
1.029305
1.0997645
0.83058715
1.0595012
0.87930334
0.8349954
0.91288114
0.95718205
0.8346059
0.86104524
1.0083418
0.87455964
0.8101014
0.8877866
0.7740557
1.0206816
0.9841198
0.8185072
1.1164725
0.9193938
0.90984356
0.8871683
0.9776823
0.98430574
0.9571552
0.94890153
0.9814758
0.87293136
1.0160321
0.92523307
0.9294938
0.8668792
0.96474874
0.9205494
0.8055606
0.9438641
0.8795558
0.88367856
0.9277463
0.9270861
0.7599543
0.8847641
0.88264203
0.9321127
0.91521907
0.9143419
1.0493727
1.0780221
0.84013295
0.9329517
1.0695872
0.95956147
0.8867132
0.921952
0.95398366
0.85000145
1.0996768
0.98089516
0.81101894
0.8262374
0.8544929
0.76321745
0.8925177
0.97501385
0.94378245
1.0585285
1.0175955
1.0986934
0.9374988
0.92619896
0.78536
0.8632968
0.82504165
0.87530446
0.7821046
0.9634756
0.92829853
0.93267876
0.90794504
0.80130696
1.095763
0.8087634
1.0211341
0.9808291
1.0216267
1.1241043
0.9966494
0.96927905
1.0358039
0.9527076
0.94405067
0.9221951
0.8526925
1.0407813
1.0302427
0.83950317
0.85375166
1.0024289
0.9191247
0.92257357
0.80237406
0.7781153
0.90874803
0.9894284
1.0307574
0.8654067
1.0390368
0.8441653
0.9636172
1.0877105
0.96081376
0.9103577
0.8893553
0.85789025
1.0648638
0.92315555
1.0134304
1.058537
0.9388424
1.0410749
0.99584997
1.0715142
1.0342169
0.9543301
0.91090083
0.87675256
1.0333827
0.9575335
0.8898981
1.023467
0.89678454
1.0063243
0.891242
0.8404142
0.8366224
0.8464694
0.8954452
1.1178403
0.8750987
0.8342135
0.91278625
0.8785111
1.1008978
0.9815041
0.893864
0.9181118
0.9042452
0.98978317
0.928633
0.88542354
0.8415252
0.8113476
0.89575267
1.1357343
0.90616167
0.910152
0.8786365
1.1231296
1.0084728
0.8765643
0.8360645
0.81032443
0.8338413
0.9886269
0.89838666
0.92658687
0.8653373
0.82977486
0.8856674
0.91588
0.9708815
0.92170346
0.9772276
0.9915414
0.9901122
0.77481776
1.0826764
0.8298093
0.76228595
0.9906473
0.856045
0.9491988
1.0036887
0.78928936
0.9152731
0.8044677
0.941318
0.9772151
0.98116004
1.051723
0.92431176
0.81103295
1.0340815
0.90859413
1.037446
0.89781785
0.80712837
0.8894708
0.91927934
0.8518591
0.91236174
1.0163736
0.8667377
0.95940936
0.9258522
1.0098863
1.0597005
0.9001577
0.9264133
0.91262114
0.8413292
0.9866287
0.90351474
0.97681326
0.8132793
0.89498687
0.8945384
0.9637623
0.899379
1.0196368
0.8964354
0.91568196
0.95249486
1.0141795
0.9905087
0.853262
0.8806422
1.0021093
1.1028999
1.049812
0.9638363
0.93533146
0.91598624
1.0474389
0.82838297
0.8190428
0.9508542
0.9518827
0.8916335
0.94968235
0.8074515
0.9321866
0.792575
0.85307825
1.0588973
0.99065137
0.83617383
1.0501293
0.9568913
0.91240907
0.87220204
0.88680315
0.84779924
1.0415798
0.910213
0.9186156
1.0860586
0.8724474
0.9461777
0.8254743
1.0355077
0.94304895
0.9440211
0.883071
1.038948
0.91728276
0.91371477
0.91283727
0.84706354
0.85476583
0.9456481
0.8353303
0.8446133
0.91637313
0.8700715
1.1519048
0.9854002
0.9591267
0.81341183
1.0820317
0.9725214
1.0448806
0.8993264
0.9654379
1.1433693
0.94556284
1.0614176
1.1086729
0.9841871
0.81846297
0.92619187
0.9897437
1.0523105
1.0075488
1.1030126
1.1016636
0.93900865
0.8196969
0.95114195
0.7809634
0.9099296
0.9212718
0.9561881
0.9352813
0.858394
0.9983816
0.9350586
0.98635143
0.98663676
0.937683
1.0551692
1.0568922
0.7760371
0.86415935
0.80979604
0.8929982
0.89504385
0.94738466
0.892895
0.9473745
1.0304575
0.8095049
1.031544
0.8741167
0.86634773
1.023851
1.0101923
0.82360554
0.92898107
1.1127329
1.0633307
1.0365125
0.9245894
0.9099362
1.0409198
0.85862005
1.0336461
0.7972568
0.90857947
0.7856494
0.90473366
0.93598545
0.94193983
0.93794477
0.9931669
1.108949
0.937876
0.9035139
0.87269086
0.9287163
0.8580671
0.90553725
1.0320574
0.8907095
0.97887045
0.99058783
0.90957236
0.829671
1.0301185
0.8403965
1.0078764
1.1284361
0.8912987
0.8558235
0.8299604
0.9565192
0.7914382
0.8800181
0.96002996
0.9086859
1.0060084
0.84714514
0.9156071
1.0337017
0.9071492
0.9772263
0.9056792
1.0355856
0.8996223
0.8684211
0.94483566
1.0322516
0.92689514
1.0578119
0.9978591
0.99068666
1.0414238
0.84537303
1.0240513
1.0067369
0.8859707
0.83897316
0.90452313
0.9533925
0.9369653
0.8413303
0.8270765
0.9604045
0.9077019
1.1213782
0.9085684
0.85268503
0.932608
0.9202424
1.1170025
0.8932868
0.82662284
0.9274652
0.9169331
0.97685045
0.8848432
0.8989471
0.92087424
0.89625037
0.93524134
0.89564514
0.9628395
0.9081568
1.0321865
1.0507894
1.055739
0.84815645
1.0621557
1.0076946
0.9027762
1.0397519
0.8762872
0.8570907
1.1168263
0.874014
1.0000341
1.1571316
0.80563855
0.94004273
1.0084648
0.9707452
1.0668643
0.9561471
0.9317389
1.0519567
1.0669363
0.8825151
0.87872076
1.0326544
0.7654307
1.1239363
0.84591436
0.81122446
0.9458987
0.91233957
0.97877663
0.8879
0.872965
0.99277306
0.9343037
0.8285004
0.9212419
0.84239113
0.865301
0.76557606
1.0936047
0.8810002
0.9239584
0.97427034
0.9773635
0.9926907
1.0387975
0.9235651
0.8907607
0.88140166
1.0185752
0.9087714
0.82231224
0.9201118
0.8961001
0.9314246
1.0018971
0.8051897
1.0905495
1.077368
0.9262137
0.8904263
0.84292954
0.97979355
0.9094026
1.0343473
1.0694072
0.8797461
1.0489746
1.0933712
0.86185133
1.0236087
0.9906231
0.92121446
0.8769702
1.0520617
0.9471271
1.0564508
1.0107436
0.8259575
0.8868046
1.0421722
0.8747401
0.99234074
1.0452614
0.843017
0.8317745
1.0648835
0.99866164
0.77893704
0.8843123
1.0434206
0.9771919
1.0089368
1.04877
0.9457455
1.0166972
1.0089512
1.0107634
0.94234395
1.116233
0.8778153
0.93272173
1.0708706
0.9019078
0.9731193
0.99552345
0.9396992
1.1249373
0.9341613
1.1188843
0.90861845
0.96888185
0.8843713
0.8784014
0.8382883
0.84980536
0.98976123
0.93547904
0.8144915
1.066387
0.958683
0.98416173
0.87959385
0.96650416
0.8962018
1.0304902
1.1317883
0.9522181
0.87396395
1.1830289
0.9085864
0.9960128
0.933083
1.0411777
0.9724828
0.9191701
0.9679388
0.8885406
0.9442178
0.9767617
1.0904483
0.9183403
0.9452888
0.8456069
1.1020474
0.95392823
0.94409347
1.0476456
0.84870887
0.94118106
1.0457797
0.9515684
1.0471328
0.84682167
0.90118194
0.9987977
1.0220959
0.78456104
0.95661604
0.91988134
1.0201752
0.89816326
1.0333399
0.7919719
0.821237
1.1037943
1.105834
0.95728505
1.032253
0.85228634
0.94025636
0.8109602
0.8961748
1.0331954
0.88977444
0.87317276
0.95617056
0.99772066
0.85979116
0.88474035
0.9392282
0.99064827
0.9765104
0.9853219
1.1093323
1.1324885
0.8557174
1.0166738
1.0154858
0.93464696
0.9053662
0.8600308
0.82653254
1.0408714
0.9083222
1.0993199
0.8714509
0.9415415
0.92203534
1.128587
0.82385194
1.0685041
1.0559791
0.7971432
0.8301625
0.85241246
0.87547994
1.0739114
0.91010916
0.89475703
0.97973824
1.0274569
0.94948983
0.9222695
0.84177977
1.0074807
0.8013221
1.1434641
1.023653
1.0263515
0.93678635
0.987511
1.0031384
0.8756763
0.9453474
0.9653901
0.8898497
0.8910588
1.039244
0.8442021
1.0621712
1.0322775
1.1015035
0.8234217
1.0533547
0.9458991
0.8668541
0.9119641
0.9706658
0.86309624
0.9121158
0.89276797
0.8919883
0.98396665
0.86429465
0.9356199
1.036391
0.87806344
1.0363244
0.9429022
0.8892889
0.8662362
0.876221
0.82248825
0.8844707
0.82074946
0.92084646
0.825686
0.89671206
1.1597899
0.8593285
0.85350525
0.9218098
1.0132872
0.8848938
0.8519594
1.0757339
0.81129134
0.94880337
0.94261783
0.83680797
1.0947924
1.0615705
1.0770631
0.99676037
0.9292028
0.9867586
0.93458545
0.9858221
0.89631367
0.86558783
1.0769417
0.8636172
0.8167473
0.83675534
1.061835
1.0050204
0.9905218
0.86433864
0.90143174
1.0712204
0.9143306
0.94325984
1.0350544
0.8629184
0.8036567
1.0339062
0.8751321
1.0300009
0.92335206
0.96911037
0.79560065
1.0878088
0.90952975
1.0906584
1.0195029
0.8008003
0.90557766
0.94585097
0.8354186
0.9847132
0.8401251
0.8274549
0.9289954
1.0786339
1.061559
0.98075426
0.92705476
0.9412556
0.8126292
1.0697824
0.8431808
1.1610016
0.98065174
1.0114738
0.86751634
0.9327886
0.9907584
1.0145369
1.0195792
0.8722025
0.95867205
0.92921543
0.79344296
0.9757575
1.0695632
0.9890959
1.0869575
0.90356195
1.0661922
1.0093687
0.9198235
0.9167301
1.093432
0.91792476
1.0523434
1.0168638
0.9475479
1.0447543
0.9303958
0.9406278
0.9258933
0.9635325
0.97185946
1.1595994
0.971719
0.9182559
0.89607
0.9905926
0.93754184
0.9123501
1.031844
1.1470232
0.80107
0.97412026
0.8072885
0.99464726
1.041549
1.0304921
0.8070242
1.0649977
0.9485212
1.0382259
0.9145296
0.80075943
0.9737023
1.132378
1.010155
0.99639755
0.95288634
0.9039889
0.94368833
1.0889331
0.77642953
0.877563
0.9637351
0.7980417
0.9755135
0.9106971
1.0390294
1.1084645
0.9648107
1.0703452
0.98048836
0.8949382
0.9562156
1.1628232
0.9199406
0.9992049
1.0064602
0.81431687
0.8425498
0.93855053
0.86156225
1.0338376
0.94780827
1.0486884
0.83947563
1.0599226
0.92308646
1.0885657
0.84977055
