0.9311761
1.0197903
1.0387661
1.091325
0.9311278
0.96552324
1.1134694
1.0511267
0.9848839
0.93821037
1.036277
1.1132376
1.10437
0.9374002
1.0228543
1.0331814
1.1260271
0.87873626
1.1316767
0.8811126
1.0202175
1.1272392
1.0872048
0.93338835
0.94620085
1.1073217
1.0514765
1.0624034
1.0666987
0.8796754
1.1276236
1.0696862
1.0699439
0.9531521
1.0613811
0.8852626
1.0575373
0.9630085
1.0024583
0.86768687
1.017817
1.1211375
1.0830512
1.045249
0.8855643
1.0672054
1.1752546
0.8986534
0.9693192
1.0147289
1.0559975
0.9139718
0.9476949
0.8887993
0.9363866
1.0538208
1.0528228
0.93327844
1.0747623
1.1010569
1.0514817
0.9297048
1.0221462
1.0882871
1.0310512
1.1110749
1.1097621
0.9355532
1.120774
1.0667529
0.810643
1.1807778
0.9347357
1.0866284
1.0911849
0.8612392
0.9547318
1.0858557
0.9530654
1.0433409
1.0829177
1.1065507
1.0413394
1.1436656
1.0856978
0.9525193
1.0264113
1.0833519
1.0487689
0.9595355
1.089221
0.9701923
0.9339628
1.1429923
1.0151744
1.0853297
1.0162091
1.0589314
1.049139
1.1014664
0.97830045
0.8627512
1.0809612
0.9789364
1.1656156
0.9285679
1.0953214
0.984916
0.96589136
1.0033768
0.931833
1.0287855
1.0303471
0.9565477
1.0071816
0.92187405
1.0252724
1.0378251
1.0369681
0.9464654
0.9312322
0.9937053
1.0541294
1.0955925
1.1914736
1.0938785
0.9537771
1.0579503
1.1203601
0.9069813
0.96374583
0.91499186
1.1657395
0.9942662
1.1370952
0.9541931
1.1718149
0.90689784
1.0467141
1.0579877
0.97517407
0.985028
1.0832148
0.9672428
1.0559721
1.0865006
0.9409863
1.058017
1.1784964
1.1489258
1.0499208
1.1107286
0.9586867
1.0279999
0.9849163
1.0621812
1.0725176
1.1022725
1.1072445
0.9732567
1.0757594
1.082893
1.0971789
1.0815077
1.1046948
1.0781318
1.0447158
1.0177588
1.1706449
1.1120081
1.0455551
1.0325074
0.969895
1.0023319
0.9226736
0.93472624
0.9631417
1.1225486
0.99009967
1.0917546
0.9665966
0.92042035
0.9921962
1.0968293
0.97330153
1.0296503
1.052768
1.0167933
1.0719912
1.029364
1.0244008
0.9843191
1.002325
1.098274
1.1415191
0.9627514
1.1064013
1.2113545
1.0724771
1.1226888
0.9891692
0.8998161
0.93792474
0.8871262
0.9922793
0.9473655
1.0638621
1.0740865
0.89341235
1.0526162
1.0610746
0.84596676
1.0498244
1.050735
1.0667884
1.0456719
0.9391501
1.1141442
1.0765078
1.005234
1.1128817
1.1061485
1.0696731
1.0171449
0.95710087
1.0236928
1.0805384
0.9859892
1.0573909
0.9783708
1.0714052
0.98492825
1.1260871
1.0702541
0.94535875
0.9454992
0.90339077
0.98463917
1.0673678
0.9509965
0.87626946
1.055397
0.8925011
0.90343
0.9070182
0.95332193
1.1340122
0.9749899
1.0051082
1.043192
1.0299747
0.9422517
0.9246621
1.0209947
0.98911303
1.0569372
1.0267982
1.0832083
1.1959862
1.0741302
1.0992792
1.1025515
0.8524566
0.913144
1.0948998
0.9190469
0.9734211
0.90855694
1.066067
1.0719963
1.0676928
0.8839586
1.0060722
1.1022646
1.1823099
0.92181915
1.1731206
1.0565965
0.90201426
0.90672565
1.097468
1.0923417
0.8378839
1.0787566
1.0808752
0.9283105
1.0927197
1.1480777
1.0027666
1.1456783
1.0355163
0.979268
1.0039254
1.1829302
0.9699093
1.0867274
0.93314606
1.1022625
1.1372929
1.0474454
0.9378289
1.0656586
1.0025406
1.0199878
1.0910175
0.92645544
0.99289024
1.0885844
0.8863364
0.90354127
1.033185
0.9623836
1.0834571
1.0148368
0.974902
1.0140996
1.0268812
0.9837583
1.1048005
1.121721
1.0657611
1.0051835
1.0718917
1.0881492
0.9994055
0.93016547
0.9960938
0.9782461
0.9824845
0.92152524
1.1921545
1.1380198
1.0608766
0.90256786
0.908071
0.93089586
0.9374106
1.1540327
1.071784
0.97743404
0.9359337
1.032141
0.99712217
1.1141233
0.92744577
1.066925
1.0189517
1.0730817
0.97111386
1.0404472
0.9680351
0.87545884
1.0605133
1.1033087
0.9553333
1.0523849
1.0888494
0.99635744
1.0346532
1.1039405
1.067904
1.064294
0.8576046
1.059783
1.0035076
1.0775826
0.9231544
0.9608563
1.2145317
1.0803744
1.0839556
1.0416398
1.0110562
1.0624999
1.1325157
0.946158
1.1321969
0.96445245
1.0653057
0.87264305
1.1297637
1.0241743
1.0545207
0.94894564
1.0371859
0.9181785
0.90964866
0.964949
1.109931
1.2006024
0.8880415
0.9890677
1.0882208
0.92463017
1.0368365
0.986112
1.148848
0.91374093
1.092685
0.8961251
0.9683027
1.0120428
1.0355805
0.9597707
1.0481954
1.0260379
0.9882662
0.9494258
0.87627196
1.0559168
1.0551493
0.9277616
1.0394126
1.0817313
0.8916827
0.8811655
0.91688776
1.035192
0.9398156
1.121544
0.93334675
0.97975767
1.0535884
1.100352
1.1112597
1.1859548
1.1734984
1.0353234
1.0483665
0.9152862
1.0653982
1.1447256
1.0311344
1.00261
1.0681556
0.92078704
1.0191737
1.0348706
0.98483664
1.0377395
1.0781517
1.0529126
1.0246389
0.901224
0.99793816
1.0463316
1.0917631
0.9491774
0.9229511
0.85590386
1.0940636
1.1476967
1.0254717
1.1566114
1.0685873
1.056157
0.86291623
0.99433815
0.9723031
1.0092275
0.8536209
1.0673572
1.0049893
1.0811958
0.99135303
1.0029156
1.0930798
0.9762311
1.060214
1.0453594
1.075124
1.1638244
0.9940679
1.0658249
0.91859645
0.99409246
1.1441994
1.0137827
1.0418885
1.1867027
0.96894044
0.9811923
0.9459083
1.0442853
1.0984359
0.9697447
1.0007703
1.0506454
1.013252
1.0500457
1.1409264
1.0474863
0.9748183
1.0354333
1.0071841
0.9213513
1.0087732
0.87392056
1.109944
1.0493464
0.95507336
1.1199591
0.89236605
1.1036588
1.1032058
1.1304883
0.9651773
0.88632905
0.9840592
0.9078429
0.94602174
0.9524801
1.0882077
0.9121889
1.0140886
0.90509045
1.0547969
1.1058135
1.141149
1.1245182
0.99456894
1.0487406
1.0246334
0.92704093
0.95892054
1.026334
0.85137916
1.1186259
0.95902824
1.0098546
1.0210247
0.99622095
1.112335
0.8727645
1.1462462
1.0169401
0.94420135
0.93929696
1.0125618
1.0494018
0.98310864
0.8722384
1.1753757
0.96344125
1.0111549
0.91134596
1.0612011
1.1303704
1.0995699
1.0836637
1.20665
0.9248914
0.9734098
1.0126998
0.89177763
0.8742919
0.95890236
0.8865299
1.1034687
1.027935
1.0520737
1.0748837
0.9835283
0.89121234
0.9504403
0.9301685
1.1178191
1.0735006
1.0085024
0.9751966
1.0285816
0.9367522
1.047635
1.0051405
1.05608
0.9871216
0.83140796
1.1099199
1.0931408
0.9398954
1.0739717
1.0588244
0.9884865
1.1610554
0.89851916
1.1646945
1.1629539
0.9289918
1.0431234
1.089892
1.121571
1.0874316
1.0176611
1.0565408
1.0545181
1.0650592
0.84818935
0.98999774
1.0099896
0.9437696
1.0154464
0.9973589
0.9165865
1.0779564
1.0293777
1.2460964
1.0122454
0.96427417
1.092221
0.97609293
1.0368583
0.9697306
0.9641062
1.0828159
0.99323094
1.1539848
1.1023209
0.98856163
0.9271436
0.8715266
0.8758736
1.0584304
1.1046665
1.0498118
1.0293696
0.91355956
0.99758863
0.98354936
1.06179
1.0806019
1.0173179
1.1022985
1.080689
1.1315176
0.9198403
1.0076139
0.8670913
0.9636552
0.90105104
1.0332044
1.0012709
0.89975715
0.9424077
1.0701203
1.1423389
0.9350139
0.9820454
1.0333097
1.103404
1.0189657
1.0023496
0.9674069
1.0631356
0.90157574
1.012748
1.0305955
1.0375453
1.1095963
1.0629227
1.0774572
0.8535475
0.914889
1.0658759
0.9514841
1.0537684
1.0402584
0.8912699
0.99169517
0.9942785
1.0541809
1.0945643
1.0708053
1.1124763
1.062911
0.8766373
1.016954
1.0943736
1.0799737
0.9569276
1.2287893
1.1962175
1.0209833
0.9966953
0.9350102
0.87267566
1.0904329
1.107743
1.0064923
0.9540067
0.84699297
0.9522089
1.0552136
1.0477412
1.0173262
0.91806895
1.0747759
0.94562256
1.0493482
1.0273664
1.0316017
1.0868425
0.87614906
0.97076774
1.0712574
0.9514656
0.98955584
1.0952649
1.0218537
1.1206384
0.8951176
1.0329404
0.9892783
0.9278892
0.83278495
1.1327963
0.98298734
0.97832036
1.0244563
1.0246651
0.97492373
1.0713217
0.96625954
0.9776653
1.0564828
1.0569191
1.0253725
1.0085975
1.0928996
1.1185862
1.1000829
1.039274
1.1179593
0.8992864
1.057796
1.018769
1.0286164
1.0099607
0.93012226
0.88866824
1.020494
1.1541857
0.9774295
1.1118543
0.95951426
1.1123934
1.0486608
1.0737506
0.91679215
0.9378098
1.0252423
1.0761738
1.0231795
1.0117762
1.0981884
1.0221878
0.99242187
1.0771048
0.95735234
1.051698
1.0352106
0.92454255
0.8930968
1.1490692
1.0318377
1.0165924
1.0791059
1.0814323
1.1830235
1.1525714
1.0417564
1.0782496
1.0958278
0.9017999
0.9646647
0.961687
0.94977343
1.0189819
1.055841
1.0978916
0.94926786
1.0499971
1.1328638
1.1162658
1.1071935
1.0958433
1.1558498
1.116219
1.1037126
1.1714194
1.0710286
1.0967638
1.0775528
0.92046255
0.85928893
1.0718522
1.0156696
0.98328674
1.0744674
1.0247762
0.98194146
1.0961909
0.92611134
1.0218028
1.0651509
1.0990222
1.0118048
1.0720875
1.0698128
1.070355
1.1026995
0.9415158
1.0241818
0.88873684
0.975701
0.91349435
0.9288349
1.036799
1.0822592
0.94711345
0.9769717
1.097871
1.0373607
1.071054
1.0008736
1.0401397
0.98305553
1.173331
1.0394115
1.0388744
0.96630967
1.0303949
0.8965546
1.131288
1.1334648
1.0072938
1.0728387
1.0538539
0.9671134
1.0256855
0.81247514
1.0750017
1.0033221
1.0089617
0.90880835
1.1196064
1.0633798
0.94272316
0.9101246
1.0751696
1.0450642
0.9608657
0.96719897
1.03072
1.0453379
1.1917031
1.1750367
1.1074594
1.079457
0.8941415
1.0749856
1.0424144
1.0445862
0.9791781
0.8610195
0.9686464
0.9811821
1.0495489
0.9417416
0.96043164
1.1280556
1.0731859
1.0444989
0.9717026
1.0350649
0.9983543
1.0194683
0.9381849
0.9109312
1.1069944
1.024523
0.8852693
0.8963921
1.0861843
1.1372724
1.0134108
1.1003034
1.1121457
0.96844155
0.9999636
0.97468305
1.0681906
0.9872662
1.0854295
1.2223576
0.9942419
0.93619025
1.0122869
0.9024093
0.9135442
1.1498773
1.0683656
1.011553
0.9475775
1.1183074
0.9374165
1.1358849
0.99083996
1.0983186
0.95424926
1.0111103
1.0127957
0.8771959
1.0825509
1.1297429
1.0270605
1.079026
1.0277866
0.93735814
1.1420877
1.0129495
1.0186687
1.0150921
0.9741176
0.9718132
0.8795279
0.9905498
0.9350982
1.1797621
0.9513414
1.0059576
1.0684099
1.104707
1.0664375
1.0114198
1.0069478
1.0106397
1.0735259
1.0097791
1.0988748
0.95963717
1.0651772
1.0555079
0.9107978
1.0431223
0.97383595
0.98306
1.0866132
0.9003154
0.888316
1.011904
0.97336423
1.0503585
0.97541857
0.85601234
0.9991821
0.9075173
0.90651476
0.98501813
1.0335803
1.0844898
0.9407077
1.0202346
1.0308602
0.9743358
1.1306286
1.0357523
0.9216389
0.8201318
0.95367134
1.0478204
1.1297218
1.0681434
0.9066962
0.9641168
1.103177
0.98149866
1.1079738
1.0165646
0.9024886
0.95184803
1.1580673
1.1356962
1.0896647
1.0470884
0.9487252
1.1265248
0.95458245
0.8570809
0.9604188
1.0272373
1.049684
1.0291753
1.0095518
1.1547042
1.0013506
0.9057175
0.95526844
0.98798305
1.0666716
0.9634394
0.99820703
1.0233549
1.0318024
1.0531914
1.1286194
0.9225253
0.92862904
1.143555
0.97865105
1.0430248
0.9049109
1.0686233
1.1502572
1.0525334
1.0932267
0.9894017
0.9700241
0.9318746
0.9248563
1.1150155
0.93506867
1.1304191
0.953174
1.0413208
1.0020397
0.9754744
1.1176705
0.8851832
0.9602383
1.0385196
1.0510542
0.88397324
1.080694
1.0804873
1.0578438
0.87182474
1.042543
1.0640967
1.0600543
0.9454762
0.8204522
1.0395718
1.1034422
1.1232429
0.95942366
1.0773531
1.0756025
0.9498987
0.9269779
1.0263557
1.1158541
1.0981355
1.0315288
1.0601413
0.9537985
1.0423138
1.059161
1.0902478
1.0121578
1.21363
0.9719446
1.0452712
1.0495172
0.9435492
1.0555377
0.91941744
1.0006553
0.865136
1.0804253
1.2197864
0.9462433
0.89993745
1.046634
1.0780807
0.9939188
1.0125194
0.85653675
1.0613538
1.1858928
1.1672567
0.9751308
1.1828396
1.089459
1.1799252
1.0526402
1.0085952
1.0505608
0.93331456
1.0646837
0.8275165
1.1210011
1.0890479
1.0728579
0.9970279
1.1073568
0.83906895
0.88992405
0.9180249
0.9561954
1.1261425
1.0715702
0.85141164
1.1511472
0.9970883
1.051757
1.1003721
1.1620439
0.9880531
1.0273268
1.0357864
1.0659325
1.080713
1.15055
1.1615642
1.0425045
0.8611325
1.0394998
0.99995494
0.97366345
0.8963641
1.1096164
1.0126989
0.9932519
0.94678354
0.88396007
1.0501403
0.99770474
0.9657577
1.0137823
0.973761
1.1114174
0.9175767
1.0550296
1.1321764
1.0203805
0.8934748
1.0659441
1.0966637
1.0516555
1.0635014
1.0733933
0.85733575
0.9815029
1.0684252
1.0093157
0.9941585
0.94883764
1.0813473
1.0526686
1.2369802
0.9878527
0.9302372
1.0541681
0.8790244
1.0504704
1.0784011
0.9711406
1.0248868
0.99854565
0.92704
1.0201786
1.1242313
0.84182596
0.9989716
0.9491035
1.0785422
1.182323
1.0686045
1.010381
0.99965036
0.9866228
0.8864628
0.9526638
1.141038
0.9169533
0.95946896
1.038959
0.96263504
0.97315156
0.91892934
1.0933844
0.8919244
1.0699749
0.9793856
1.0753601
0.99676865
0.8831496
1.0177376
0.945627
1.039152
1.0299494
1.047913
1.164268
0.84997255
0.93272287
0.967728
1.0044472
1.0884643
0.9082117
1.090377
1.1887444
0.95881724
1.0574484
1.0478725
1.0067408
1.1119156
1.0261934
1.1589632
1.0278833
0.95260924
0.9971702
0.9970201
0.9279313
1.068493
0.97230875
0.91105694
1.0529771
0.95672345
0.9500306
0.9058347
1.0550754
1.0477479
0.95342124
0.88777745
1.0815611
1.0654538
0.97204435
1.0482311
1.0663071
1.0778067
0.97748387
1.0851333
1.0883396
0.9054048
1.0449374
0.883453
0.8851745
1.1038575
0.9918681
1.1404079
0.9349898
1.0538416
0.99674875
0.93226624
1.0819302
1.0146391
1.0117419
1.0562893
0.9010706
1.0479577
1.0038009
1.1544337
1.0138531
1.0210736
1.0170488
0.9745008
0.9827145
1.0465364
0.9148038
1.0215956
1.0987184
1.053969
1.045749
1.1691306
1.0441446
1.1365095
0.945421
1.0655067
1.0184921
0.9106595
0.9390087
1.0156386
0.93169785
1.0700538
1.0105162
1.1017506
1.120897
1.1980178
0.87001944
1.1206639
1.0198729
1.1284791
0.9270098
1.0211908
0.93105614
1.008259
0.8889159
1.0279684
1.0177386
1.0728216
0.9783461
0.87440884
0.9416218
0.9847528
0.92595893
1.0496043
1.0290052
0.8942758
1.1148288
1.0956615
0.89295024
0.90285957
0.9405489
0.9121752
1.0188615
1.2067848
1.0501913
1.0181825
0.96259886
1.0712676
0.90100145
1.1072015
1.020726
0.936777
0.8797692
1.0532285
0.85133636
0.96133643
0.87747985
1.2161361
1.0465071
1.0402344
1.0786953
1.0772021
1.0167024
0.89257467
1.0090432
1.004715
0.9669918
1.0641987
1.0057306
0.89263225
1.1079556
0.77132505
1.1070557
0.95759463
0.98559594
0.99759865
1.0665362
1.0048167
1.0153294
1.016063
1.0375187
1.0428274
1.0113015
1.1138055
1.0859789
1.142424
0.96872497
0.9092992
1.1562872
0.920992
1.0025817
1.1092046
1.01607
1.0249577
1.0830574
1.0576062
0.99369407
1.0613375
1.028543
0.9629498
0.9765977
1.0649898
0.8112304
1.0340501
1.088855
1.0451157
0.8690386
1.0039198
1.0517335
1.0984774
1.0168046
1.104594
1.0818481
1.078605
0.91894543
1.0173645
1.0573425
0.9744836
1.0501373
1.0475767
1.0092862
0.9419828
1.045991
0.88796806
0.9977566
0.8104717
1.0585566
0.97841376
0.93067265
1.1111321
1.0329189
1.031349
1.0714706
1.0677404
0.92942035
0.98607475
0.9074799
1.0523794
1.1724803
0.9891068
1.0253277
1.0533392
1.0056148
1.0537938
1.122479
0.93816626
1.0032842
1.0068572
0.9549291
0.9935212
0.9486257
0.9518037
1.0467253
1.0423484
0.91790915
0.94824433
1.0250719
1.1546322
1.0500565
0.9492345
1.184052
0.9484757
1.0769409
1.1032326
0.93604136
0.92299074
0.96339965
1.0802908
0.96144515
1.0033551
1.177074
1.1384697
0.88849574
1.0730606
1.0618728
1.1127392
1.0228248
1.1131759
1.0592715
0.89933896
1.05275
1.2209759
1.0965791
0.878675
0.9924769
0.97955656
1.000648
0.902506
1.0635126
1.059482
1.0762119
0.9292773
1.0081849
1.052448
1.0074203
1.0703306
1.0393192
0.9425482
0.9459328
1.0939709
1.0474726
1.0261152
0.92277026
0.96946144
1.1314421
0.9569029
1.0335736
0.8788417
0.8514459
0.94490355
1.0833738
0.92757744
1.0757864
1.1967986
0.93298596
0.9970711
0.8626802
0.9021747
1.0602448
0.9030281
0.99584466
0.9278401
0.9705962
0.9485086
0.990073
1.0357289
1.0966126
0.96548444
1.054735
1.0319005
0.9721937
0.9709239
1.0110118
1.0102594
1.0327663
0.97701347
1.1414806
1.0040326
0.9714383
1.0737557
1.1420693
1.011481
0.95603466
1.0868564
0.9108621
1.0399227
0.90741086
1.0649703
0.9747009
1.0119262
1.0315018
1.0085095
0.96898437
1.0678823
0.9518908
1.112822
1.0682278
1.089623
0.99443614
1.0556126
1.0073673
1.0576997
0.96649694
1.1633539
0.98387647
0.9397573
0.94383854
1.0728133
1.0171437
0.9764472
1.1160789
1.0717548
1.0733556
1.056624
1.0829455
1.0212264
1.0839518
0.8839962
1.067986
0.9188701
0.9680195
1.1258856
1.1014925
1.1193163
1.075716
1.0089815
1.0964532
1.0002137
1.1072505
0.98233443
0.8984816
1.0792403
0.95037365
0.98337114
1.0585663
1.0459974
0.9486772
1.0530428
1.1216636
1.0271115
0.96575755
1.0894887
0.9656975
1.0414484
0.9618469
1.0976645
1.1325359
0.9626801
0.95192176
1.0493313
1.0875015
1.0603633
0.97084546
1.0304
1.0126381
1.0065031
1.1189264
1.1525033
1.0026951
1.0296376
1.0572635
1.0971026
1.008857
0.9836862
0.9422225
1.0329435
1.0881686
0.8967749
1.151696
1.0248595
0.99044716
1.1276839
1.0727012
0.96170974
1.0401299
1.0287254
1.0904797
0.9636291
0.9613453
0.9139265
1.0488605
0.97126603
0.93770766
0.9936931
1.0199256
1.1098332
1.013341
1.0698782
0.9298345
1.0842098
1.1353204
1.0078607
0.8784003
0.9975069
0.9448777
1.0705535
1.135387
1.0277594
0.9294445
1.0685027
1.0220866
1.043722
0.94147635
0.96287787
1.0859878
0.92319083
0.90128374
1.0001631
1.0043557
0.97871655
0.8528373
1.0564986
1.0022947
1.0632687
0.9658394
1.063785
0.93132025
0.88104534
1.0843611
1.0406644
1.0423676
0.97795415
0.8528151
0.96865094
1.0845273
1.0095215
1.0823195
1.0843176
0.9205121
1.0343845
1.081886
1.0332642
0.9778689
0.88238716
1.0775201
1.0862274
1.1831095
1.166711
1.0179483
1.0170883
1.0389078
0.94280434
1.0668027
0.99263227
1.1046104
0.99621177
1.0455536
0.85503733
1.0548189
1.1019733
1.0441797
1.0760959
0.90832996
1.0639757
0.9697476
0.930871
1.1657727
1.1740437
1.1077218
0.96599233
1.0050921
0.9827619
0.9813348
1.0235205
1.044767
1.0138404
1.0072584
0.9081881
0.92833936
1.0647217
1.0531496
1.0364494
0.9658698
1.1600106
0.8733056
0.92462873
1.0324285
0.97196686
0.9672066
1.0773122
1.146665
0.9618272
1.0120358
0.91532725
0.9687339
1.0881803
1.0877869
1.0706754
1.0318558
0.9595338
0.97877526
1.0962895
1.0036408
1.0410212
0.9149997
1.0627275
0.9866407
0.8816
0.957487
1.0738816
0.9823334
0.9081839
1.1317486
1.0170466
1.1514616
1.1491073
1.1996217
1.118721
1.1145959
1.076112
0.9083954
1.1535636
1.1438961
0.9641707
0.8781353
0.9792533
1.1677263
1.0575281
1.0217059
1.0429549
1.0527109
1.0591303
1.0259073
0.90879655
1.0030166
1.0385401
1.178942
1.0365171
0.91269374
0.88684636
1.1703453
1.0658512
1.0415145
1.100237
1.0884836
0.86945546
1.0500544
1.0310928
1.1450691
1.0888114
1.1888717
1.0443364
0.9689461
0.9891733
1.063999
0.9482175
0.9844178
0.96875465
1.0217171
1.0127809
1.1208596
1.0158747
0.9226198
0.9530852
1.068769
0.962129
1.0175786
1.1066035
0.84578276
1.10407
0.9977722
0.9069691
0.9450288
1.0749719
1.0150788
1.1033925
0.86271167
1.0736452
0.92258054
1.052484
1.0527391
1.0683496
0.9844844
0.931162
1.0934687
0.9240786
1.1157506
1.0167929
1.0895739
0.9263954
1.0253339
1.0988345
1.1627178
1.0285254
1.1030809
1.1018019
1.0506271
1.0670912
1.0310495
0.9661157
1.0129118
0.8970046
1.1013966
1.0853939
0.9862354
1.156384
0.9112632
1.1538568
1.0192156
1.09908
1.0939324
0.9323057
1.1289933
1.0341598
1.0724452
0.99855506
1.0540836
1.0078926
1.0018868
1.0307612
0.9265536
1.0724682
1.1042492
0.9328338
0.95871305
0.9510142
0.9336818
0.9591506
1.1050737
0.76896286
0.9395708
1.0564051
1.0753443
0.852592
0.8907027
0.9602077
0.96530616
0.95325446
0.8511139
0.9537045
1.0341403
0.8939252
0.8583319
1.0497952
0.99465096
1.0487815
1.0031743
1.0592558
1.2026801
0.99938333
1.0986705
1.174883
0.8893959
0.9621716
0.8209406
1.1026136
1.0963428
1.0638287
0.9400836
1.1108162
0.9020951
0.9027905
1.143605
1.0789777
1.0598049
1.147628
0.9723555
0.83625925
1.0195761
0.99043626
0.9834857
1.0653813
0.9399314
1.0049711
0.96158236
0.9491085
1.0633066
1.010858
1.214963
1.052378
0.98632044
1.1207894
1.0611918
1.0518143
0.9545413
1.120299
0.8941146
0.94168234
1.1336694
1.0138242
1.0363111
1.0233961
0.99390835
1.0922096
0.8517443
1.0186931
1.0615443
0.8737469
0.98945653
0.9450982
1.008988
1.0900232
0.9410292
1.0593629
1.0886946
1.0169553
0.9696243
1.0980401
1.0721418
1.0172493
1.0589089
1.0702689
1.0840777
1.0746293
1.1345494
0.9094362
0.9335661
1.0801396
1.1539762
0.93090093
0.94928384
0.9466778
1.0337296
0.8411163
1.1984334
1.2022231
1.1802385
0.928167
1.0286201
0.96590406
1.0694739
0.9098467
1.1735601
1.1042657
1.0198996
0.97797644
1.0503063
1.0931935
1.0211033
0.9692142
1.1399004
1.035857
1.0848383
1.0647943
0.98324645
0.9807379
0.88796055
1.0588237
1.0644213
1.0401688
1.0903208
1.0238836
1.0295147
1.0188942
1.2140057
1.0950279
0.87216043
0.9263674
1.0521653
1.0205221
0.9664509
1.0237789
1.099952
0.99088335
0.93765485
1.0357237
1.0304987
0.94479233
0.86989343
1.098562
1.0495152
1.0040838
1.1711364
1.1383903
1.1224185
1.0605326
1.054978
1.0309987
0.9623556
1.063132
0.91416085
1.0933461
0.9381311
1.0454237
1.0335643
1.0995092
0.7948741
1.1652997
0.9321828
1.0040708
1.0177133
0.9748869
1.1107357
1.115102
1.0962503
0.9698933
0.9850854
0.9304131
1.0701146
1.0414242
0.90183276
1.0534382
1.0200648
0.9529127
1.159961
1.0129378
1.165072
0.93732893
0.9572354
1.0115993
0.9894744
1.1508749
1.0522277
1.0292968
1.1358273
0.96392906
0.97983944
0.9695194
1.0948663
1.1151407
1.0086544
1.0896783
1.0694857
0.98947346
0.81022143
0.95864683
0.98761576
1.0728517
1.0000868
1.0686053
0.88509893
1.094934
1.0475492
0.8968084
1.0131583
1.0409324
0.93738294
1.0826383
1.0645951
0.8278903
1.0204258
0.9818472
1.1065648
1.0853369
1.1553717
1.0080115
1.0483847
0.97544014
1.1646036
1.0336516
1.0134197
1.0907156
1.0144911
0.90144336
1.0944934
0.9035449
1.165572
1.0963079
1.0920115
0.8746016
0.77972925
1.0693123
0.9191634
1.0075788
1.0695269
1.0448337
1.0720067
1.0412999
0.955822
1.0784836
1.1432121
1.0510217
1.0653076
0.98446214
1.1181483
0.9493995
1.0553876
1.1021969
1.0652778
1.0414817
0.98988926
1.0188978
0.7902131
1.0019498
1.0313228
1.0862522
1.0596551
0.99366546
0.9079176
1.0698583
1.0377895
1.0463619
0.8989421
1.0999805
1.0292087
1.1188116
1.1056417
1.130981
1.1425184
0.98899657
0.99325955
1.0714059
1.0288601
1.1193023
0.96015084
1.0910169
1.0306642
0.9826064
0.9740255
0.94196236
0.93227136
1.0266895
1.1109747
1.0785133
1.0696295
1.0986032
0.96146584
1.0528358
0.87757945
0.93446493
1.0430982
1.1481874
0.90987164
1.0083482
1.1016355
0.8912209
1.1104829
0.8013551
1.0685956
1.1029396
1.1165862
1.1279745
0.94642943
1.1636891
1.0699992
0.9468148
1.0986919
0.996739
0.8880814
1.1060588
1.1327264
1.1277614
0.92723274
0.9460554
0.9038449
1.1004298
1.1015375
1.0465586
0.81975406
0.9688983
1.123821
0.89851725
1.0282961
1.0769794
1.0363402
1.0222532
1.0470333
1.0798469
1.0287757
1.0104077
1.0935158
0.9167185
0.9020469
0.99309945
0.9508137
1.0769093
1.0155783
1.0285578
1.0409851
0.99849284
0.9422741
0.9971496
0.9210915
0.9191756
0.96023786
0.8964894
0.9888133
1.079272
0.93359375
1.1906054
0.8818098
1.0447903
1.0201395
0.9136069
1.1023865
1.0466934
0.90885264
0.98801863
0.90253097
1.075165
0.8499877
1.1029433
1.071905
0.9422754
1.0294545
1.087954
0.9811175
0.8875876
0.9966432
1.1108958
1.0609815
0.8951229
1.0788462
1.0531751
1.0926119
1.041955
0.86906064
1.1113565
0.99162877
1.0120689
0.945918
0.9543457
0.9359753
0.9849273
0.97596294
1.1058819
0.9453286
1.0652608
0.9602736
0.86775786
1.105237
0.8690473
1.1091663
0.98690104
0.9381032
1.0031754
0.95808005
1.1053622
1.0079217
1.0719914
0.9403161
1.0291951
0.8297771
1.0550742
0.9780196
0.9562284
1.1475649
1.0462518
1.0268288
1.1821319
1.037554
0.89397055
0.85787183
1.0808086
1.1139948
1.079849
1.1295965
0.9644705
1.017835
1.1207386
0.9249873
1.0024483
0.98151314
1.1458424
1.1527444
1.066735
1.1252744
1.1169608
1.1800888
1.126906
1.0432174
0.81683147
0.9591939
1.163651
1.0231127
1.0651578
0.9744519
0.92400503
1.0402007
0.9441
1.0768028
0.92282414
0.9867387
1.1174933
1.0689963
1.0608268
0.84991455
1.0782113
1.0355718
0.92981946
0.8431495
0.98726904
1.0544827
0.85650957
1.0559164
1.0721877
1.1145334
0.9564524
1.0427818
0.93253034
1.0962546
1.0582514
1.0804812
1.1020877
1.0487994
0.78053445
1.1107774
1.0647142
0.9556549
1.0553377
1.0331334
1.0484455
1.0182211
0.93220425
1.0259287
1.1118096
1.0211425
1.0054905
0.985517
1.0447919
0.9995638
1.0966538
0.9504115
0.99233806
1.043812
1.0363772
0.9750616
1.046887
0.99521
0.9512151
0.843823
1.0676079
1.0233746
1.0839823
0.820954
0.9351002
1.0060658
1.0372328
1.085444
0.93106055
0.9793397
0.98908466
1.0373213
0.9699731
0.92018044
0.9845494
0.94629896
1.076915
0.9857289
1.17435
1.0224171
1.0600361
0.97513413
0.96490824
1.014041
1.0466065
0.9137064
1.0920403
1.0049403
1.0794065
0.8838265
1.0288002
1.0402002
0.877491
0.9609775
1.1287854
1.0669966
1.0632513
0.9582542
1.1216612
0.9558923
1.0816278
1.0543253
1.0508255
1.1517726
1.017198
1.0466306
1.0923865
0.9397982
1.0040885
0.8990451
1.013867
1.0048766
0.97831535
1.1565889
1.1569343
1.0701492
1.068646
1.138006
1.0833812
0.9068544
0.98451805
1.0606992
1.0655043
1.1690062
1.0404273
0.86322266
1.0960428
1.2015028
1.0329087
1.0798243
0.9841394
0.86995435
0.98256946
1.0232487
0.9760535
0.89217484
1.0344107
1.1032114
1.0661473
1.1084981
1.1614951
0.99921274
1.0627413
1.0016974
1.1199926
0.8843716
1.0046167
1.119336
0.92404103
0.98336893
0.8895387
1.1748345
0.95203006
1.0594059
1.0511253
1.0635817
0.97553504
1.0576942
1.0075018
0.9001235
1.0244255
0.8976516
0.9916957
1.0787663
0.97455275
1.1362243
1.0019686
1.041786
1.0305414
0.88929915
0.97643363
0.92457163
1.0018969
0.99838716
1.0887579
1.0550272
1.1656457
1.0980529
1.0005958
0.92810684
1.0185935
1.0653322
1.0833402
1.0961322
0.9233178
1.0662736
0.98003244
0.97053635
1.156503
1.0279464
1.0948983
1.1984222
1.196274
1.0773191
1.003909
1.0311363
1.0587887
0.9933454
0.98169094
1.0734916
1.124196
1.0501153
0.8587383
1.1151714
1.0916771
0.894266
0.8512771
1.0052862
1.0106566
0.9948329
1.0917898
0.9358748
0.9554475
0.89837545
1.0408387
1.099412
0.91670036
1.0653725
1.0130415
0.9579307
1.0529218
1.0046631
1.0174475
1.0287476
0.96076834
0.91349185
1.1347501
0.98118794
1.1294823
1.1433802
0.966182
0.93508387
0.9257955
0.9583055
0.7709195
0.9965036
0.93683654
0.9934925
1.1737484
0.9848205
1.0875778
1.0160064
1.1672297
1.0886295
0.96030265
0.9924301
1.0411175
1.0290151
0.9310572
1.0648508
1.1206572
1.1273286
1.0722045
1.0513151
0.90071654
1.1344628
0.93869853
1.078892
0.9340353
0.93979144
0.93505466
1.0235375
0.8717692
1.031008
0.9952759
0.99374557
1.1054647
1.1093856
0.990526
1.0082678
1.0048945
1.1388842
0.87010896
0.97978604
1.0822842
1.0679696
1.0235229
0.9505718
1.1934971
1.1104207
1.0421922
1.0944464
1.2402469
0.97173655
0.95155287
1.0762306
0.84544325
1.0842047
1.0301839
0.9300413
0.9105503
1.085079
0.97268534
1.0655742
1.1193922
1.0679374
0.9092915
1.1064041
1.0565498
1.0327609
1.0454412
1.022078
1.0318736
1.011229
1.1433778
0.92030686
0.95892966
1.0702316
1.0551541
0.934106
0.902619
0.90809417
1.0894573
0.9249121
0.86530256
0.9886377
0.99997526
0.9259537
1.0442635
1.0579689
1.141119
0.9705179
1.1676772
0.94560874
1.0361999
0.9736372
0.98308
0.9801212
1.0846615
1.0279741
0.9644059
1.1088598
1.0943556
0.8816664
1.1224209
0.9041817
1.0751009
0.9715007
0.93618023
1.0964255
1.130755
0.9898193
0.9156524
1.0027814
0.88300794
1.0519812
1.0866613
1.030374
0.8328332
1.01473
0.95498073
0.8572697
0.8906916
1.0493397
1.0557083
0.97658765
1.002718
1.048684
0.83388287
1.1090417
1.0265781
0.9449886
1.0818172
0.9600544
0.9643849
1.1243126
0.9307947
1.1661463
1.0960195
0.8998381
0.90976965
0.96342224
0.9459766
1.0111992
1.015017
1.0288798
1.0433505
1.0465348
1.05681
1.0990105
0.97152793
0.95644176
0.95050955
1.0277812
1.1433611
0.9888022
1.2197526
0.98002017
1.0844996
1.0669274
1.0933447
1.0672628
0.8594934
0.99014866
1.0371954
1.0953817
1.1387591
0.8714849
1.1023843
1.0003688
0.95757276
1.0704933
1.0912321
0.9091103
0.8098439
1.0381594
0.9454367
0.99481
0.9874038
1.0295724
0.93456095
1.0626189
0.8731666
0.9792452
1.0115416
0.8832339
1.0622103
1.1355195
1.0315562
1.031208
1.0163509
1.0313137
0.936479
1.0245824
1.0454645
1.090286
1.013816
1.0148396
0.99469745
1.0230141
0.8854159
1.0428798
0.90821624
0.9286898
1.029753
1.0561554
0.97696364
0.9378023
1.0487641
0.9412751
1.0015129
0.9016459
0.9814319
1.0011744
1.1256278
1.1346732
1.1054893
0.80284715
1.0181593
0.88524663
1.1464958
1.0414681
0.86847043
0.94576836
1.1359556
1.0462818
1.0877779
0.9153843
1.0136509
1.046025
0.9384502
0.9124782
1.175401
0.9882088
1.1065549
1.1015601
0.96320367
1.0502999
0.9518659
1.0723567
0.862121
0.99998075
1.0680919
0.9623351
1.001021
1.044523
1.0475005
1.0909954
1.0084088
0.94649804
0.9412581
1.148072
0.9485704
0.97358274
1.0124724
0.9825443
1.0764687
1.0343366
0.92018133
1.0414186
1.1563718
1.064373
0.8793684
1.0320172
1.0440559
0.879834
0.9516902
1.0569165
1.1142304
1.0103354
1.0976558
0.9899867
1.0339469
1.0208807
1.0771705
1.0287213
1.094686
1.0895954
1.1708293
0.9861462
1.0154488
1.0244174
1.1028998
0.9979882
1.1346025
0.9376689
1.0811074
0.91882527
0.96987057
1.1064353
0.8547664
0.91513634
1.0317969
0.98990124
0.97772354
1.0575355
0.97064996
1.0192915
0.97408557
1.0557467
1.1339954
1.0381382
1.080489
0.9743507
0.93447137
0.93401146
1.0032737
1.1424608
1.1489139
0.8649233
1.0354073
1.0596203
1.0472658
0.94969046
0.8743336
0.9463024
1.0646163
1.0375478
1.0131986
1.1072056
1.0003757
0.95992255
1.0195756
1.0194635
0.99157
1.063585
1.0573566
1.0722153
1.0874053
0.953785
0.86410934
1.0592277
0.9440873
1.1970059
0.8664795
1.1022143
0.9290214
0.8090156
0.9237399
0.9457958
1.0782077
1.1259084
1.1228341
0.9488236
1.019795
0.85570645
1.0210606
0.9264076
1.0134542
0.98927796
1.1517688
1.0886096
0.93146944
1.1144553
1.1279444
0.91629106
1.0471948
1.0764112
0.97610617
1.1317415
1.0144824
1.2008826
0.88937485
1.2142501
1.0082977
0.8981766
1.0073681
0.96315163
1.0716763
1.1767025
0.8442637
1.0744107
0.893826
0.79788274
1.1414006
0.94276893
0.97210395
1.0289183
1.1654029
1.0029094
1.0091672
1.0910782
0.9526348
0.99563074
1.1070013
0.87163615
0.9428013
1.0592653
1.042497
0.94954944
0.99025375
1.1195488
1.2106061
1.1585966
0.9009074
0.99949825
1.0048859
1.0130005
1.0963128
1.1064316
0.9495702
1.0918787
1.0402043
1.0861423
1.102771
1.0894156
1.086228
1.0918441
1.1424874
1.1056167
0.9023955
0.91739804
0.93250537
0.9884399
0.83869
1.0118215
0.9865936
1.0355467
0.90290284
1.1786481
0.8578035
1.0558505
0.96385753
0.9968041
1.0596721
1.0431683
0.8370526
1.0729438
1.023576
1.0968845
1.1085012
0.9969629
0.9419595
0.9604
0.9563503
1.0339773
1.0859976
1.0268159
1.0175815
1.0515442
1.1485708
0.9761849
0.87420917
0.9606961
0.9814327
0.9985575
1.0481482
1.0359194
1.0880142
1.0530863
0.96842074
0.84609926
0.9842476
0.8999136
0.9088849
0.8264556
0.9195473
0.9673958
0.92751604
0.8888495
1.020086
1.0394431
0.90088165
0.9118023
1.0794885
1.0401247
1.0463544
0.88037205
0.9003676
0.8942768
0.9101612
0.95150244
1.0249104
1.0465326
1.0729052
0.9618499
1.0560311
0.8993107
0.8550553
1.0803407
0.9743074
1.0411651
0.8651011
0.9028823
0.9917768
0.85401887
1.0126188
0.83095
1.0240529
0.9904014
1.0948148
0.87731504
0.87782276
0.84391665
0.9726304
0.96763426
0.85156006
0.97272754
0.8190132
0.98921204
0.92270696
0.9993304
0.97902715
1.0296899
0.85442966
1.0676165
0.9402941
1.0137881
0.9873735
0.9854723
0.93673503
0.9604751
1.1262958
1.079736
0.9092331
0.85607064
0.9688962
0.88243514
0.945341
0.9049191
0.9475682
0.9284258
0.9210953
0.81335616
0.9592445
0.9085443
0.8911055
0.8884025
0.9031325
0.9159349
0.81585944
0.955271
0.82106626
0.87009674
0.85083103
1.0341508
0.88335085
0.9802855
1.164216
0.7585662
0.8804187
0.97208583
0.99696565
0.7019901
0.87783635
0.88477844
0.9835113
0.8632519
0.8243239
1.0056173
0.8618542
0.9718418
0.91851735
0.96601474
0.80374986
0.9356066
1.1132095
0.9237997
1.0486284
0.86232626
1.0112562
0.88570505
0.9412235
0.9648353
0.96334183
0.89491886
1.0659988
0.89588684
0.81626594
0.80294096
1.1229
0.75334764
0.9047359
0.9429165
1.0868675
1.1807835
1.0247734
0.94430435
0.8446336
0.926254
0.79340625
1.0608819
0.84473634
1.0397289
1.0690712
0.84113395
1.1774638
0.85424316
0.8628551
0.774407
0.8729893
1.1615187
0.9758756
1.0517559
0.9550476
0.97758275
0.9603474
0.89547336
0.76936215
0.8937229
1.0293403
0.9467162
0.90410054
0.92085725
0.9081768
0.9079442
1.0064478
0.8386744
0.929865
0.9148122
0.81203234
1.1520526
1.0831019
0.98320776
1.0095005
1.0455403
0.8630561
0.8785751
0.9357813
0.9475161
1.0266268
0.7972791
0.8522755
0.95292366
0.9625224
0.9660138
0.95880675
0.9444611
0.90511334
0.8946834
0.8978538
0.8015416
0.9584956
1.0035713
0.9240341
1.0463954
0.9666836
0.98318565
0.8917937
0.9934007
0.81879133
0.96222854
1.0731678
0.9249785
0.8724806
0.8640082
1.089227
0.8725531
1.0670571
0.91716814
0.8930203
0.9558817
0.9745456
1.0448189
1.1678534
0.8246982
1.0670763
0.9117211
0.99594975
0.8413023
0.92275476
1.0102949
0.9112668
0.80215615
0.88527393
0.8484617
0.8947984
0.86114657
1.0146246
0.8562805
0.92366356
0.921275
1.0822647
0.8758013
0.99848
1.1360098
1.1068416
0.83012855
0.97655666
0.8457904
1.1152875
0.873261
0.81251377
1.0752614
1.081222
0.9127872
0.8234747
0.8995466
1.0483708
0.93865156
0.78549504
1.0625583
1.0400045
0.8582058
0.9294936
0.8415605
1.1636695
0.81247795
0.9469758
1.0965911
0.96752703
0.972903
0.7895212
0.9939685
1.0272712
1.0506165
0.83928514
0.8907032
1.0651778
0.9542719
0.98920095
1.0473644
1.0010859
0.9936659
0.8788074
0.85375965
0.9149344
0.949419
1.0650117
0.8728849
0.9087608
0.8566326
0.82952297
1.0304996
0.89413995
0.8692851
0.8354471
0.8510003
1.0779121
1.0870434
0.8997136
1.1332946
0.95493555
0.8873514
0.88784575
0.9655901
1.0286853
0.9181982
0.8947376
0.93960303
0.8907424
0.8476476
0.78817976
1.0048413
1.1148586
0.8939996
0.86335
1.0082853
1.0888746
1.0156302
0.83865607
0.91841394
0.94595075
0.98648435
0.8427048
1.0029261
1.2034491
1.0992558
1.0071704
1.08658
0.9183279
0.9673514
0.95044214
0.91114473
0.97117317
0.91835046
0.97316635
0.883708
1.0469606
0.9148839
0.93448555
0.86843646
0.79473937
1.0612214
0.8828461
0.97774005
1.0404353
0.87185574
0.7907387
0.9475291
0.9464928
1.0039626
0.91528785
0.8363738
0.9950714
0.9456012
0.8216867
0.9595163
1.0013483
0.9319382
0.90925765
1.0451458
0.9956231
0.9209954
0.85595405
1.0347278
0.9706223
1.053063
0.8734176
0.88656425
0.8269188
0.8916087
0.83347166
0.957385
0.92921174
0.9374352
0.99692297
0.82575595
0.93562615
0.98816115
0.8057778
0.8885673
0.838912
1.0522606
1.033294
1.0530024
0.8385141
1.0276608
0.8775687
1.0361416
0.89059603
1.0731521
0.9965413
0.8781841
1.006572
0.9503119
0.93170094
0.7871636
0.8185524
1.1055259
0.9123372
0.8927629
0.8707183
0.9091222
1.0815227
1.1057065
0.78175044
0.9635807
0.98452127
0.7702521
1.0025947
0.94146115
0.91438997
0.87805295
0.9023303
1.0795399
0.8928324
0.8817354
0.87601066
0.8848803
1.0021498
0.9382912
0.8672598
0.9295174
0.9583876
0.80110145
0.9226428
0.8527826
0.99461234
0.9229822
1.0760689
1.0546858
1.1078933
0.87675846
1.0761253
1.1406105
0.92922485
1.0302607
1.0136032
1.0133729
0.9942291
1.1045351
1.0444016
0.8741393
0.9635732
0.9535547
0.79749286
0.9224726
0.8994634
1.0613773
0.92995346
0.88984907
1.0683923
0.8974124
0.83729565
1.0430152
0.9342573
0.92001206
0.87845755
0.87424946
0.8161231
1.0527377
0.9638803
0.8247714
1.1002599
1.0207112
0.9693294
0.8682413
1.1242086
1.1596763
0.98127675
1.0717299
1.0277362
0.90226936
1.2007188
0.8455716
0.8859155
0.8402397
0.8961318
1.047245
1.0077324
0.92202425
0.9077575
1.0898368
0.95046854
0.93876845
0.80745065
0.849822
0.8505852
0.95836985
1.0549266
0.79463536
0.90001035
0.9469776
0.86014056
1.0795517
0.8920661
1.0256448
0.8834628
0.9065574
1.0259652
0.9079206
0.8836257
0.9600087
0.8772186
0.9544405
0.9051852
0.9563738
0.795169
1.0059221
0.95466995
0.90516496
0.9531821
0.9107162
0.85371536
0.8274416
0.82657206
1.0232813
0.8388258
0.882258
0.90225613
0.79902565
1.044331
0.9685496
0.9430872
0.9868516
0.90537906
0.9581475
0.96846277
0.9996766
0.84753567
1.0261586
0.86930615
0.87178564
0.9431926
0.836972
1.061652
0.8736994
0.9390899
0.89770913
0.93603826
0.76829505
0.9034823
0.90829355
1.0762457
0.9146873
1.0133665
0.8316059
1.0446961
1.069967
0.9433682
0.92059493
0.89660966
0.90576166
0.97257364
0.8773275
0.9494016
0.94501317
0.99243337
0.9347409
0.9462483
0.90211594
0.95921767
1.0066197
1.0525084
0.8800055
1.0562882
1.0551956
0.97846174
0.89065874
0.9431145
0.9096583
0.881919
0.9800743
1.0523481
0.9817651
1.1454666
1.0084064
0.93828106
0.84064656
0.8279047
0.99266875
0.9362892
1.0361459
0.8658408
1.1047704
1.0826797
1.0529925
0.9519004
0.919543
0.84968436
1.0901816
0.9469516
0.88703334
0.9863591
0.9726098
0.8951911
0.979035
0.897611
0.8003391
0.7775043
0.96451914
1.0290163
0.8301216
0.8552041
0.9467721
1.0727308
0.84416556
0.885536
0.83129287
0.99185336
0.93785965
0.8285208
0.99503875
0.926774
1.0719225
0.8789096
1.0453479
1.043749
0.829828
1.0514326
0.92345876
0.83578444
0.8832406
0.83017164
0.9220724
0.9668377
1.0257782
0.96526897
0.9000908
0.93776494
0.7811983
0.93065816
0.9709115
1.0733913
0.7652614
0.95733035
0.881763
0.9358225
0.9410776
0.9744489
0.91890365
0.96394444
0.78115875
0.9564583
0.78543127
0.87423563
0.79588604
0.77683854
0.7719497
0.8995688
1.1817176
0.85617733
1.0355798
0.8956702
0.8089382
0.987115
0.9895781
0.781638
1.0056148
1.0494995
0.91368145
0.7974273
0.89968824
0.92247283
1.0601234
1.1261137
0.8699642
0.87748694
1.0539325
1.0546649
0.82133484
0.8189073
0.9289841
1.0537244
0.84765756
0.9959625
1.0600926
0.94123495
1.0615121
0.99114096
0.8620974
1.029438
0.8797547
0.9053385
0.98885036
0.9426776
0.99412376
0.89758515
0.81561655
0.96735895
0.9554229
1.0804598
1.017517
1.0233377
0.88526094
0.95292413
0.9821492
0.9257257
1.0529633
0.9454687
0.9503535
1.0130922
0.9540248
1.0024889
0.96233
1.0777922
0.88686615
0.8691621
0.8823291
0.9967822
1.0194821
1.0239046
0.9286604
0.9301386
0.8029001
0.88161504
0.8742281
0.88503164
0.90774
0.86605287
0.9594191
0.8178046
0.81081086
0.8637705
0.9184242
0.84368265
0.8234408
0.9247161
0.9153993
0.9566315
0.93783194
0.8804623
0.91020197
0.92326665
1.0016757
0.8652619
1.0348506
0.81423646
0.9637706
0.9057367
0.91123515
0.9635563
1.0149117
0.81678474
1.0312957
0.9910599
0.96271807
0.864829
0.8361106
0.8755914
1.1294093
0.8715887
1.1072223
1.048188
0.91105837
0.8115575
0.88105845
0.7908895
0.9339864
0.8677181
0.89280736
1.1075811
0.78758377
0.96821
0.9473847
0.8108957
1.0159255
0.9684449
0.94288117
0.9189925
1.0432081
0.8063848
1.0070381
1.0186224
1.0008423
0.94750047
1.0198388
0.9329076
0.8242388
0.9493725
0.8532518
0.76664746
1.0013694
1.0481529
0.895385
0.9463805
0.83339286
0.8543868
1.0256608
0.92491776
0.8047576
0.8547064
0.92167413
0.90957177
0.9177284
0.9556538
0.8435741
0.8532561
0.9080808
0.88059753
0.89862895
0.8980726
1.0097914
0.8537213
0.8633861
0.9140581
0.9431469
0.96552587
1.0194598
0.8707198
0.9696219
0.8816222
1.0868489
0.83146316
1.0257268
0.83892274
1.1094754
0.7868849
0.9896498
1.0687518
0.9642024
0.9708328
0.9505422
1.1659765
1.0760794
0.8109976
0.91052973
1.0414634
1.0534697
1.013658
0.90660363
1.0487888
0.84613204
0.8827112
0.8927604
1.080215
1.0837119
0.8967164
0.98165
0.88123894
0.9624097
0.8246424
0.8410865
0.8617311
0.825564
1.0516922
0.9106411
1.0668311
1.0561565
0.93977714
0.7811307
0.90321934
0.90097886
0.94363356
1.0714687
0.9024664
1.017173
0.8821235
0.92880315
1.0693909
1.0000734
1.0290904
0.86783814
0.93270767
0.8682016
0.9311972
0.88335407
0.8790115
0.97312915
0.9388566
0.80067915
0.8044382
0.91468906
1.0847445
1.0425057
1.0816696
0.79154617
0.90419436
1.05339
0.94063663
0.9054514
0.8235166
0.92182815
1.0246392
0.7778621
0.8976133
0.92589176
0.9619391
1.0701683
1.0732352
0.9225894
0.87427264
1.0934463
0.9731083
0.9605131
0.9680031
1.0683278
1.0120959
0.8597996
0.82040775
0.86334944
0.91220677
0.93224275
1.0356412
0.85249
0.87957263
0.7902961
0.87416077
0.98782516
0.9111283
1.0648756
0.8478546
1.0672345
0.91676855
1.006665
0.88627046
0.968979
0.8751457
1.0150006
0.9931071
0.91595197
0.93931806
0.8558546
1.1396284
0.88426554
0.8903714
0.86168784
1.0234149
1.0102199
0.8987396
0.9144486
0.9585483
0.79957855
1.0417362
0.88982695
0.95235157
1.0115862
0.9893765
0.87133205
0.94844687
0.8549453
1.0115683
1.0301824
0.9045295
0.8847876
0.82544065
0.83081114
1.1327142
0.98804986
0.8818133
0.88360405
0.8221
0.8715476
0.8707711
1.0676816
0.9157498
0.9141396
1.0659481
0.76637936
0.9844234
0.8466838
1.085978
0.9068086
0.8869378
1.1358514
1.0674001
0.995313
0.8498274
0.9145335
1.0158043
0.82829785
1.0180874
0.97787404
1.0171435
1.0631604
0.9552132
0.86917275
0.9862134
1.0429032
0.82331836
0.87883174
0.922853
1.1060685
1.0286859
0.9954843
0.918013
0.8607886
0.8956502
0.8017287
1.047004
0.8723658
0.78979576
1.0968051
0.771927
0.95211077
0.8021748
1.0069201
0.998775
0.9758134
0.8575095
0.78893197
1.0062504
0.897861
1.009774
0.78609014
0.92508227
0.97489065
0.89450884
0.8611047
1.0106039
0.9039704
0.9463708
0.88593787
0.9968462
0.940884
0.91543794
0.83010983
0.9416783
0.90918696
0.80900764
0.8899884
0.9010191
0.8293264
0.8464839
0.84417474
0.9475641
0.9440076
1.0419499
0.9411085
1.0016005
0.96999156
0.9317975
0.9825112
0.9943975
0.8347798
0.9094126
0.88080543
1.0308163
0.8626001
1.0816569
1.0848511
0.85235965
1.0604599
0.9844197
1.1639206
0.99952334
0.9354702
0.99124354
0.82522595
0.94618416
1.0725818
1.0574391
0.7882694
0.882444
1.0161574
0.9451126
0.8316691
0.92500323
0.85684353
1.039592
1.0281854
0.91071105
0.9859563
0.9091865
0.89524984
0.8744116
1.1167473
0.9820448
0.98413
1.1243223
0.871489
0.89333236
0.8301261
0.7836214
0.9173012
0.995438
0.8218963
0.87510735
0.8590568
0.8560429
0.83259314
0.7776569
1.1280301
1.1093466
0.96376634
1.0335585
1.0234656
0.8316157
1.02495
0.8578478
0.87200814
1.015491
1.0674114
0.9648058
0.9170516
0.8657646
0.9190029
0.86534095
1.0299956
0.9603054
1.0556407
0.8277665
0.8822205
0.8586309
1.0266175
1.0070376
1.0220839
0.8822019
0.8148644
0.95069087
0.9912698
1.0364413
0.8380683
0.8527121
1.0756464
0.8945331
0.9134311
0.9590006
0.86925495
0.9508474
0.92983174
1.1118937
0.75783473
0.92703676
0.9537881
0.7583931
0.958395
1.0365837
0.9594923
1.0327636
0.9374411
0.9036869
1.027645
1.0381773
0.99417007
0.8989617
0.8874327
1.0489469
0.7835478
0.8069495
1.1366289
1.045033
0.9868518
0.9795995
0.92401725
0.93899524
0.93208593
0.9156766
0.83263415
1.0599315
0.9598049
1.0170828
0.93406415
1.1014755
0.9893364
1.0240335
0.9936816
0.8483254
0.87396264
1.0804186
1.0324895
0.9580119
0.9243554
0.961111
1.0269325
1.1645801
1.0047557
0.9804096
1.059154
0.98170733
0.9727473
1.0904863
0.8431594
0.98456633
1.0059427
0.9057863
0.86114395
0.92290825
0.90350854
1.0489786
0.74217725
1.0001217
0.90951794
0.95738757
1.0996375
0.8716663
0.87614655
0.9303012
1.130744
1.0282364
0.95688486
0.98830605
0.9199717
0.8391155
0.96694624
0.83954954
0.8060808
1.1228307
0.91855955
1.0227227
0.8755
0.80893254
0.792902
0.893309
0.8141503
0.7974967
0.90920144
0.87534773
0.98838246
0.8803815
0.88710254
1.1427455
1.0006872
0.8448617
0.88629013
0.85208637
0.82959116
1.0688498
0.9223556
1.0250151
1.043097
0.9184382
0.79468644
1.1777544
0.9333613
0.93014395
0.8849057
0.9735738
0.8696532
1.028746
1.05211
0.9363389
0.9494585
0.9353999
0.8960254
1.0134511
0.8414507
1.0520314
0.8481777
0.8590082
0.8661076
0.99513924
0.9915055
0.82173586
1.0858934
0.8657545
1.0782577
0.88696563
0.8827574
0.9002186
0.9622743
0.9318428
0.86889625
0.9792964
0.9090322
0.93879527
0.9594418
0.8852183
0.81485736
1.0155728
1.0173557
0.83081067
1.0735326
1.0416801
0.9123392
0.83814037
1.0015836
0.8826931
0.8191246
0.9033679
1.0369482
0.92325854
0.9106065
0.91482526
1.0510758
0.89494145
1.0330573
1.0411619
0.82091796
1.0029986
1.070795
1.0055656
0.9752797
0.8732625
0.93366545
0.87948084
0.92182076
1.1078414
0.795904
0.8716403
0.93186533
0.9816206
0.9323988
0.886755
0.8609689
0.9432225
0.81483734
0.8227881
0.77108765
0.7868923
0.91039586
1.0073651
0.9733397
0.9282773
1.0132396
1.062201
0.93517315
0.9348157
0.8100146
1.0022649
1.0339632
0.852679
0.8751674
0.8492787
1.0901268
0.8218287
0.8912594
1.156342
0.9144448
0.88186574
0.81669694
0.85966283
0.91124743
0.84406585
0.85864466
1.0809367
0.93826807
0.9913439
0.9811435
0.9259436
0.81468487
1.0382681
0.8681907
0.79581094
0.9455612
0.9390187
1.0114434
0.8238909
1.0322614
0.90619236
0.901917
0.84294426
0.8817719
0.9431217
0.881752
0.82458997
0.94893825
0.88168854
1.1052873
0.83144444
1.1021209
0.873525
0.95696104
1.0319719
1.0049193
0.8816446
0.96372247
0.77393436
0.97052747
0.79635274
0.9045714
0.88428676
0.9373578
1.0787992
1.030298
1.0360589
0.9620875
0.936924
1.037003
0.8636676
0.9057431
0.9208174
0.8857291
0.9053297
0.8590785
0.88954103
1.0528827
1.030972
0.82901824
1.0591612
1.0625894
1.112627
0.9197484
0.9233093
1.0414617
0.8578564
0.8892249
0.90260875
0.9209508
0.9072653
1.0093117
1.0088334
0.89156115
1.020282
0.901683
1.0515169
1.12364
0.90279573
0.88590163
0.82023054
0.84219563
0.78456616
0.9768008
0.9813957
0.94426256
1.0489417
1.0827491
1.0430996
0.8511679
0.9555806
0.83515066
1.025262
0.9494943
1.0722197
0.8809148
0.86431706
0.9885117
0.83351934
0.86573887
0.8590495
0.90201414
0.9960223
0.93827605
0.91002846
1.0520294
0.8683513
0.922685
0.9454266
1.005219
0.94375294
1.0151039
0.84072423
0.923895
0.9034442
0.96567416
1.041758
0.9694553
0.8121672
0.8464141
1.0006056
1.1461349
0.9487697
0.94864655
0.892835
1.00539
1.0173398
0.9009776
1.060745
1.0222936
1.0093486
0.95144105
0.8402105
1.0221581
0.7885181
0.88729835
0.94974935
1.0233872
1.0443794
0.8496618
1.0357504
0.84766936
0.89070606
1.0497605
0.8448061
0.9436555
1.0898676
0.9895376
0.95847654
0.9556173
1.0787694
0.9099436
0.9920546
1.0254352
0.86555594
1.0260538
0.9393387
0.7948694
0.8558675
0.85712546
0.8218782
0.88177145
1.0225182
0.78398544
1.0071378
0.97016585
1.0043145
0.9275471
0.98447883
1.1047921
0.89487815
0.8538902
0.9765756
1.073104
0.81652284
0.8351135
1.0679023
0.916391
0.8683828
1.0333954
0.81769395
0.8699444
1.0644202
0.96378946
0.9692761
1.0673735
0.8085429
0.89175147
0.9698193
0.9488074
0.8795082
1.0133603
0.9588126
0.921717
1.0565467
0.9832853
1.0117159
0.9153695
0.98792696
0.8056246
1.052414
0.7944851
1.021656
0.92019546
0.92104673
0.9634912
0.9712299
0.9421051
0.87656796
0.8250054
0.8452262
0.9577686
1.0675108
0.9224478
0.90540534
1.1926017
0.9884845
0.7315866
0.96107996
0.96721035
0.88295305
0.92769337
1.0175278
1.0883458
0.8240274
1.037833
0.9637834
0.97813714
0.961606
0.972276
0.9051571
0.943786
0.9671538
0.90919065
0.87373674
1.0197235
0.7817242
0.9364809
0.97989035
0.8586651
0.8603215
0.8140627
1.0977976
0.9264895
0.8818723
0.8689835
1.0764856
0.9939585
1.0385685
0.8934161
1.028998
0.8469873
0.9986675
0.93229544
0.920158
0.81717885
0.81799304
0.95666426
1.0511727
1.075731
0.9837939
0.9043274
1.0195206
0.8100383
1.0410659
0.91729635
0.9146527
0.85108304
0.9986948
0.8987295
1.0315928
0.9101155
1.0440361
0.9649458
0.80816936
1.0593313
0.7863461
1.0446122
0.9571744
1.000173
0.85846114
0.89783794
1.0588547
1.0206118
0.96762395
0.8738196
0.9396156
0.84288865
1.0636053
0.8072797
0.9173094
0.8777878
0.93432605
0.94508827
0.94570684
0.836407
0.8805552
0.8772739
0.9196919
0.97214085
1.0871866
0.8908709
0.81258476
0.81360865
0.90916723
1.0909076
1.0072943
0.8602396
0.86057067
0.8578479
0.91717494
0.87497234
0.9214972
0.8759806
0.81631935
1.0466483
1.01686
1.0148091
1.0992656
0.98121107
1.0361428
0.97488105
0.8683331
0.9395131
1.0599989
0.8808971
0.8356942
0.86603844
0.9154304
1.132253
1.0318799
0.92813253
0.81790113
0.9054748
0.9178378
0.9460717
0.9177574
0.9256258
1.0081111
0.91754603
0.9970064
0.87660897
0.9766863
0.84478486
0.9437653
0.9438977
0.9261786
0.9057008
0.9418514
1.0767927
0.9092214
0.9874613
1.1125185
0.9200883
0.9023183
0.8278619
0.9699687
0.89689165
0.8647886
1.0374305
0.8158237
0.820154
1.0112003
1.0344151
0.812685
0.9939401
0.890504
0.9089274
1.0287774
0.94769585
0.91341555
0.8448254
1.0688823
0.9438125
0.81509435
1.0653172
1.0157458
0.76019263
0.8074291
0.9575726
0.87584424
1.119152
0.9767425
0.9556036
0.84510434
0.87063205
1.0079412
0.9297305
1.0600476
0.9517605
1.094884
0.96718
1.0646563
0.7939349
0.8275163
1.0458597
0.76488554
1.015315
0.9252906
1.0263784
1.0315025
1.032009
0.9110702
0.9812718
0.9769435
1.0148329
0.92900985
0.98239356
0.8527614
1.0988796
0.9040889
0.89755887
1.0946912
1.0031924
1.0464494
0.9579697
0.9417183
1.1269604
0.95774376
0.94099516
0.9040289
0.93055636
1.0489221
0.8365342
1.0154963
1.0327435
0.88133544
0.9911531
0.9912505
0.94659597
1.1189008
1.0524538
0.93879706
0.9119984
0.906476
1.0662541
0.8394158
0.75450695
0.9532228
0.97066915
0.839322
0.9329013
0.90503967
0.9456811
0.8331175
0.89966416
1.0217171
0.7965841
1.0588295
0.9831335
1.0037184
0.94630873
0.9179568
0.9327413
1.0961308
0.8124287
0.8779747
1.0054464
0.91558504
0.9203222
0.8499553
0.88427013
0.91582024
0.94818974
0.9047667
0.91904014
0.9351585
0.87330043
0.8915656
1.0831444
0.8908844
1.0733098
0.8526325
0.9375463
1.0441387
1.1033134
0.8957013
0.892239
0.92931676
0.9406942
1.1361997
1.0630581
1.0563657
1.0571816
0.99193764
1.0163524
0.94665885
1.1545796
0.89588445
0.91464067
0.82017034
1.0243738
0.9649507
0.9177954
1.0840753
1.1126385
0.86469686
0.8731874
1.0240736
0.9651288
1.010982
0.97282803
1.0565912
0.9812227
0.94925374
0.9619846
1.0802329
0.78215706
0.9807078
0.7932823
0.873543
0.92723083
1.0295632
0.99157536
0.81674564
0.9466361
0.90775883
0.8922906
1.026844
0.86784106
1.0146351
0.9008862
0.95356905
0.97130454
0.8729061
0.77306837
0.9404529
0.9871746
1.0677373
0.97433925
0.9043356
0.9557599
0.9338819
0.86707973
1.1260273
0.8191734
0.8681117
1.0291913
0.8978522
1.0356451
0.82737935
1.2053964
1.0947006
0.94603634
0.8656206
1.0389857
1.019327
0.8188312
0.92395973
0.83460295
0.85234857
0.9588542
1.079876
0.9121166
0.95413584
0.8785058
0.879773
0.85979843
0.9024291
0.8674269
0.89177537
0.8958045
0.9597806
0.93996996
0.87496907
1.0861847
0.79419553
0.76647305
0.9590386
0.97404957
1.0150628
1.0326159
1.0074635
0.9816855
0.7979152
0.8655313
0.8901945
1.0229969
0.91151285
0.9295892
0.95144475
1.0359733
1.0412172
0.9922924
0.8458874
0.8108653
0.870305
1.03578
0.95970666
1.0467744
0.93648493
0.8382862
0.85141647
0.8915707
0.9899056
0.8452313
0.90948755
0.8741672
1.1030592
0.9542433
0.8216701
1.0022998
0.8244
0.96111226
0.8054797
0.88130355
0.898008
1.0538954
0.963262
0.9091807
0.9689289
1.00617
0.88924694
1.0985006
1.0656018
0.953129
0.9818832
1.0799224
0.8879559
1.0384171
0.8728477
0.9939156
1.0307509
0.8315642
0.9487914
0.8711274
1.074591
1.0963773
1.0438702
1.0101719
0.88945085
0.8402805
0.92068434
0.83954287
1.0301087
0.9900613
1.1072471
0.99896777
0.9241143
0.92522085
0.8012364
1.0696536
0.8058704
0.9483915
1.0621965
0.9342985
0.83678174
0.7684134
1.060358
0.9704641
0.9995417
1.0640438
0.84631443
1.0248872
1.0484879
0.95636904
0.9012853
0.9402839
0.9880339
0.82264054
0.8635305
1.0320635
1.0350087
0.9187063
1.0060736
1.0345905
0.84590054
1.1551456
1.0148115
0.897318
0.9297201
0.92986864
0.9193827
1.0449317
0.9224423
1.0050626
0.9053193
0.89370596
0.91851556
1.0536265
1.0394374
0.9491483
0.9383746
0.90457016
0.9627795
0.8936676
0.81749785
0.84206426
0.7750732
0.97403693
0.9092839
0.9352044
0.8807565
0.94608283
0.91365814
0.8293134
1.0099385
0.88168657
0.89663994
0.94175303
0.8309467
0.9096731
0.9621138
0.8295016
1.1150191
1.0058324
0.8478509
1.0579422
0.92736465
1.0255563
0.9858576
0.83935356
1.0448053
0.96877146
0.7724043
1.1462977
0.8964975
0.99549234
0.920042
0.9438282
0.95069426
0.9219538
0.9342117
0.8903013
1.069134
0.89352906
0.93243694
0.9194566
0.8336389
0.98132443
0.9924177
0.82471526
0.93883556
1.0091364
0.9139149
1.0369625
0.8771986
0.9510554
0.9544003
1.0628123
0.94441956
0.8232689
0.8409895
0.81019056
0.83735657
1.0218107
1.0328691
1.0259174
0.8807977
0.9153439
0.76187915
0.8488162
1.0724022
0.7999244
0.9755759
0.9048536
0.83465135
0.9258882
1.0152576
0.8852647
1.0992641
0.8064192
1.1429845
0.8313041
0.9225795
0.9177695
0.8426011
1.041162
0.95952046
0.8141836
0.84969664
1.0760028
0.9340458
0.9024161
1.1009612
0.8578079
1.1202168
0.9161298
1.0035908
0.8442857
0.97132367
0.8331424
0.9192226
0.85223085
0.9545128
0.92065585
0.90586185
0.8944019
0.97669834
0.82637274
0.8218343
0.90153456
0.8837285
0.92980015
0.81740874
0.9794886
0.9265444
0.9902706
1.0239261
0.88171124
1.0098426
0.79120296
0.90831316
1.004149
0.92968
1.1608276
0.95231175
0.96380204
0.8876912
0.84419644
0.863423
0.86339486
0.9945662
1.1436386
0.86005294
0.9481969
0.92935145
0.9835681
1.0446707
0.9057567
0.8417243
0.7829932
0.9690082
0.8587157
1.0844688
0.85573286
1.021558
1.1063783
0.8206679
1.0671887
0.8765374
0.82866806
0.8846247
0.9588869
0.83557284
0.8489358
1.0384824
0.88561183
0.8104881
0.87469625
0.7686051
1.0250947
0.9671167
0.8164361
1.1187525
0.91154486
0.91640353
0.8864626
1.0060527
0.98378813
0.9836514
0.9202943
0.977866
0.8729316
1.0140463
0.92277443
0.9306865
0.8667238
0.9493098
0.89741313
0.79211044
0.9535706
0.84198517
0.87788355
0.87660325
0.92259556
0.7536161
0.8899639
0.8688341
0.93011916
0.9239379
0.910999
1.0539789
1.0804272
0.8423047
0.92556566
1.0683107
0.96949655
0.87943375
0.92064416
0.93542933
0.8320918
1.1034415
0.9747655
0.81419694
0.8339315
0.86389923
0.7629422
0.8911277
0.96693504
0.9520034
1.06041
1.0072124
1.1024008
0.93833053
0.92125857
0.7896807
0.8723054
0.8133159
0.88978684
0.78398424
0.98449767
0.92990994
0.93237996
0.9093294
0.7980951
1.0962092
0.80218595
0.99119544
0.97154516
1.00953
1.1220747
1.0119722
0.9623972
1.038976
0.9594119
0.97168434
0.9216434
0.85511744
1.0368304
1.0082986
0.8438047
0.8567182
0.99498546
0.9275172
0.9117434
0.80968595
0.79422987
0.90097785
0.98822767
1.0192666
0.8640473
1.0412029
0.83041084
0.9699784
1.079153
0.93841124
0.92267996
0.900134
0.8556124
1.0604537
0.9343816
1.022008
1.0574458
0.9493475
1.0394793
0.9721228
1.0736696
1.0299212
0.9478618
0.91753983
0.859077
1.029769
0.95963377
0.8847587
1.0142531
0.90333223
0.99734765
0.8796028
0.8430164
0.84623265
0.8337155
0.8831229
1.1156743
0.8674527
0.82660216
0.9209608
0.88400245
1.0825863
0.9732573
0.90067613
0.91413367
0.8926015
0.9878685
0.9194515
0.90858144
0.8323885
0.8061263
0.9068132
1.1250659
0.90480334
0.9852742
0.8693314
1.1246862
1.0101737
0.88038784
0.82583976
0.80472744
0.8394662
0.98469794
0.8866149
0.9248324
0.85260856
0.82161903
0.8816004
0.9079849
0.9670711
0.9401876
0.9917654
0.99008155
0.9969497
0.7749605
1.0715091
0.82516646
0.76396143
0.99891746
0.8632931
0.93970585
1.0296593
0.78423285
0.88579464
0.7904179
0.94230163
0.95474553
0.9833809
1.0412275
0.9269356
0.8074084
1.041297
0.9200069
1.0383486
0.89863384
0.8190587
0.8918134
0.9180355
0.83395267
0.8986354
1.0263166
0.86099184
0.9485756
0.9174185
0.9994483
1.0561361
0.9010618
0.9271641
0.9251
0.83402973
0.98198664
0.91933036
0.9781101
0.8180512
0.8973108
0.9021636
0.9731071
0.90918213
1.0142028
0.90945697
0.9141145
0.9425161
1.0141137
0.9842298
0.85758156
0.88115996
1.0065644
1.102179
1.048666
0.9715811
0.93066686
0.91890895
1.0385752
0.8198687
0.8348424
0.9564239
0.9613538
0.90033823
0.9360134
0.79183865
0.942893
0.8108952
0.8465472
1.0584486
0.9795314
0.82608783
1.0472817
0.9562979
0.9206184
0.88915235
0.8713651
0.83538604
1.0526462
0.9178442
0.9079585
1.0843885
0.8638539
0.97115993
0.81564283
1.0303975
0.9380661
0.9492748
0.87609047
1.0424132
0.9031225
0.8796846
0.9144407
0.8398433
0.8577856
0.9414245
0.8543209
0.8459126
0.9115542
0.8481848
1.1418068
0.9903985
0.943167
0.80113786
1.078682
0.9891249
1.0398273
0.9100601
0.9895134
1.1169024
0.9535129
1.0576198
1.0938957
0.98758405
0.7937151
0.9480351
0.90183246
1.0584569
1.01276
1.1081938
1.08041
0.94773656
0.812793
0.93987036
0.76328003
0.91064835
0.922862
0.947975
0.90628946
0.8482374
0.99522996
0.9353936
0.9774811
1.0020841
0.93625915
1.0340476
1.0632162
0.7639248
0.8726273
0.8125346
0.88561976
0.9056242
0.938805
0.9031359
0.9674657
0.9910595
0.8268827
1.0193679
0.8786409
0.8606211
1.0301034
1.014174
0.82236385
0.93110514
1.1161193
1.0639429
1.0333645
0.91396093
0.89209497
1.0437042
0.8601582
1.0015566
0.79385364
0.90955055
0.8028282
0.89382
0.92395085
0.9461844
0.9458492
0.98076963
1.1066173
0.9336618
0.8896425
0.8763982
0.9383497
0.8563738
0.8953742
1.0236621
0.9040886
0.97702813
1.0011272
0.9195829
0.8304975
1.0267929
0.8001574
0.9956731
1.117244
0.90169483
0.9087108
0.8316773
0.95175326
0.8017691
0.8723954
0.9572767
0.89745295
1.0208516
0.8628323
0.9179624
1.0442066
0.9115375
0.9905639
0.90436167
1.0442393
0.8917922
0.8821945
0.9414297
1.0257758
0.9233897
1.0592437
0.98548275
1.0048113
1.025903
0.8534803
1.0154148
1.0056496
0.891367
0.8281692
0.89542556
0.9485152
0.94463485
0.8385694
0.8228072
0.96199095
0.9150461
1.1117398
0.90282655
0.8538091
0.9295361
0.93752944
1.0953282
0.8820439
0.8162718
0.91589904
0.9215089
0.957939
0.8840102
0.8820385
0.9157257
0.89664316
0.93076503
0.8565562
0.96330947
0.9096682
1.0311358
1.0411975
1.060878
0.8966791
1.0515819
1.0236598
0.8914826
0.9944001
0.87756395
0.86749333
1.1168628
0.8734221
0.99261963
1.1330476
0.7874805
0.9469447
1.0120664
0.96588767
1.0640485
0.93922687
0.9523058
1.0512077
1.0780983
0.8682964
0.8771396
1.0412447
0.76792055
1.1225309
0.840183
0.8098609
0.94027424
0.9155528
0.98003966
0.8723041
0.86083126
0.98301053
0.9407835
0.83670473
0.930367
0.8451445
0.85611415
0.7537354
1.0931306
0.8864045
0.9756348
0.9639323
0.96399677
0.998037
1.0470142
0.92120653
0.8874576
0.8819482
1.0029191
0.9334328
0.8359505
0.9241018
0.90941787
0.91133296
0.99230707
0.7843392
1.0740405
1.0718291
0.9513015
0.8749982
0.84798217
0.98564374
0.89761114
1.0261981
1.0660155
0.87917256
1.0451927
1.0816472
0.8573917
1.0217527
0.9898493
0.9269154
0.89371574
1.0468366
0.9512751
1.0610654
1.0329983
0.819772
0.88889503
1.0310187
0.8616617
0.9853871
1.0441487
0.8461022
0.8422102
1.0601244
1.0179285
0.772967
0.8760531
1.0295706
0.98225963
1.0202148
1.0433052
0.94039583
1.0182382
0.99249697
1.0147184
0.94717276
1.107516
0.8817836
0.92153037
1.051383
0.89397776
0.9656975
0.9915739
0.9444863
1.1285007
0.9195667
1.1212254
0.9099057
0.9715647
0.8847058
0.8807681
0.8338314
0.8704829
0.9670978
0.9207746
0.82225823
1.0778008
0.9580997
0.9973844
0.88268924
0.96981657
0.90070903
1.0212078
1.1222813
0.9612559
0.86063
1.181387
0.9230311
1.0005324
0.9404137
1.0378184
0.9751904
0.9401246
0.98536587
0.8750491
0.9488981
0.99012285
1.0848932
0.91668767
0.97140205
0.86065614
1.1024972
0.952634
0.9370673
1.0567305
0.8586066
0.9492294
1.0541868
0.9357141
1.045414
0.847914
0.90304554
1.0030868
1.0298975
0.7813413
0.958838
0.9505049
1.0232083
0.8836876
1.0290564
0.781217
0.81460106
1.1164032
1.1114979
0.9733262
1.0402362
0.85483956
0.94179404
0.81239367
0.89113426
1.0384343
0.9017227
0.87026477
0.9991174
1.0077188
0.86401117
0.8904478
0.927918
0.9696483
0.9602324
0.979642
1.0946441
1.1282253
0.8542738
1.0178142
1.010823
0.94635737
0.9100388
0.8827493
0.84239024
1.0274811
0.9294851
1.0932496
0.87658525
0.92980987
0.9171574
1.1317539
0.82526577
1.085016
1.0439308
0.78786176
0.82872474
0.8547636
0.8690511
1.0765219
0.92595094
0.9054475
0.9873937
1.0252714
0.9548442
0.9161378
0.84562147
1.007479
0.8209555
1.1138184
1.0209641
1.0289407
0.92778695
0.99679077
1.0039326
0.86345136
0.92365634
0.9685723
0.897062
0.8922932
1.0277058
0.8448951
1.0728326
1.0291145
1.104634
0.82778645
1.0492668
0.93937075
0.8663328
0.92005897
0.96841896
0.85480607
0.9185852
0.8878386
0.90031755
0.9814532
0.87988853
0.9466279
1.0341966
0.88932323
1.0413625
0.94017875
0.8936121
0.8568021
0.89512515
0.829907
0.89264524
0.84348005
0.8975996
0.82708955
0.9026735
1.161942
0.8642192
0.8476273
0.92839193
1.0245445
0.8820989
0.855209
1.086096
0.8053074
0.96625304
0.9455974
0.83969426
1.0882206
1.0627673
1.0621362
0.99526286
0.9374076
0.9792604
0.9087384
0.9884403
0.8729354
0.8183134
1.0789478
0.86511064
0.82879317
0.8369504
1.0589626
0.9941046
0.9882272
0.87876034
0.9043649
1.0638021
0.88724375
0.9345529
1.0294764
0.8517089
0.8029877
1.0096399
0.8817959
1.0332326
0.92311966
0.9738427
0.79772305
1.07516
0.91141677
1.091382
1.0192626
0.7893879
0.896734
0.8999541
0.8201673
0.98810256
0.82998955
0.8107971
0.89098775
1.0649608
1.0703821
0.9763262
0.91858536
0.9438973
0.8033079
1.0540814
0.85726964
1.1573391
0.9646151
1.018961
0.8607052
0.9336331
1.0014768
1.0012225
1.0083971
0.8791994
0.9622071
0.9434593
0.7915298
0.9767566
1.0581086
0.99278986
1.0885609
0.9003171
1.0624616
0.9996486
0.9154783
0.93036246
1.0780151
0.92291486
1.068356
1.0160822
0.94203067
1.0456913
0.92151356
0.9334073
0.9278811
0.9403895
0.9786651
1.1526163
0.9640044
0.9197402
0.8990854
0.9812329
0.9451383
0.9283421
1.0273182
1.1291854
0.8026706
0.96523356
0.7799847
1.0195773
1.0284128
1.037771
0.8059516
1.0626252
0.94912976
1.0564835
0.8995038
0.8082129
0.9627415
1.1443205
1.0047696
0.99411243
0.9321751
0.90265805
0.937117
1.0844944
0.7765408
0.8992431
0.9714812
0.7884229
0.9620712
0.8992834
1.0437057
1.0993859
0.9560816
1.0371419
0.9630947
0.8907621
0.96322715
1.1701702
0.9040098
1.0049874
0.996362
0.8088709
0.83749694
0.93664813
0.840623
1.0338292
0.94852173
1.0299904
0.8327228
1.0581582
0.9133227
1.0817698
0.859614
