0.9431217
1.0164984
1.0392529
1.0817535
0.93700373
0.9873278
1.0920547
1.0616677
0.9796885
0.92247975
1.0321643
1.123417
1.1041795
0.9596146
1.024895
1.004209
1.1390262
0.898667
1.1065525
0.90364367
1.0231174
1.1097791
1.0685062
0.92928165
0.93147683
1.0842724
1.0243415
1.0497746
1.0541408
0.89667034
1.1255537
1.0769486
1.0463052
0.9594879
1.0710944
0.8860852
1.0644435
0.9601705
1.0053174
0.87799776
1.0509744
1.0892911
1.0719887
1.0350233
0.86829317
1.0603476
1.1811409
0.9169576
0.9749296
1.0202795
1.0447134
0.905621
0.9172692
0.8894231
0.9358834
1.0684001
1.0311167
0.93682927
1.0627944
1.0886233
1.0566479
0.9566245
1.0379951
1.091673
1.0184773
1.0964113
1.0820991
0.9617093
1.1236907
1.0639632
0.81836593
1.1657058
0.94606763
1.0633523
1.1139278
0.859558
0.9527155
1.0761695
0.965073
1.0453641
1.0467252
1.1078218
1.0416726
1.1366622
1.0954368
0.94740593
1.0220121
1.0701232
1.0592422
0.96289885
1.0848709
0.9980892
0.9509024
1.141932
1.0101606
1.0888624
1.0205592
1.0745274
1.0248945
1.0967431
0.92608815
0.8649714
1.0860682
0.9816051
1.1717939
0.9475676
1.0970058
0.9807385
0.9623231
0.9860998
0.9457881
0.9016634
1.0111008
0.9605656
0.9958715
0.91321695
1.0485355
1.0324214
1.0428112
0.95052886
0.9105927
0.9673481
1.0360124
1.0876678
1.198283
1.0907525
0.9564941
1.0883483
1.1262112
0.89311016
0.9762757
0.9448556
1.1788704
0.97398615
1.1203525
0.92896473
1.149639
0.8950332
1.0453521
1.0494004
0.9621061
0.9981349
1.0798205
0.9858785
1.0657344
1.0564045
0.9045484
1.0477434
1.1771752
1.1533128
1.0605673
1.1003517
0.9530138
1.0332624
0.9875717
1.0557699
1.0820473
1.1117097
1.1336958
0.9573425
1.0817178
1.098189
1.0870441
1.0577364
1.0982001
1.0823319
1.019502
1.019879
1.1624011
1.0658051
1.0391934
1.0230885
0.9664031
0.9888431
0.9120666
0.93065375
0.9694259
1.1384442
0.98883307
1.0884799
0.97249866
0.90731156
0.9712018
1.0915164
1.001124
1.0132011
1.040579
1.0213633
1.0758693
1.0449127
1.014008
1.0143516
1.0154716
1.105032
1.163466
0.96302325
1.0981876
1.21581
1.0525517
1.1276677
0.97446334
0.8962717
0.9510877
0.8669915
0.97702277
0.9522955
1.0636777
1.0857148
0.892378
1.0599723
1.0601757
0.85728353
1.0288522
1.0537404
1.0608252
1.0420868
0.91844255
1.1001656
1.0641266
0.94771075
1.1266527
1.1010427
1.0468993
1.0465347
0.97529155
1.0180957
1.0686637
0.983348
1.0640752
0.97777474
1.0582606
0.96695364
1.1258152
1.0660952
0.9551579
0.96844655
0.905391
0.9987843
1.0677624
0.93787116
0.901536
1.0694393
0.9045341
0.8828455
0.8986875
0.9388556
1.1357608
0.9699193
1.0021834
1.026284
1.0046716
0.93421376
0.92064595
1.0162337
0.97470903
1.0540835
1.0244732
1.0710102
1.223606
1.0884155
1.0962783
1.0330774
0.8448372
0.91070634
1.0848126
0.9272878
0.9684392
0.90394306
1.0499016
1.0930538
1.0427158
0.8693497
1.0222399
1.0884737
1.1788595
0.92565954
1.1635635
1.0672121
0.90930635
0.88793886
1.0520015
1.1021498
0.8237474
1.0660899
1.0898722
0.9262279
1.0924623
1.1686674
1.0053421
1.137971
1.0408033
1.0045042
1.0244218
1.1875252
0.9468437
1.0702573
0.9272841
1.0909379
1.1247023
1.04364
0.94755673
1.05231
1.0075623
1.0168294
1.082935
0.9053061
1.0257745
1.0989003
0.87979317
0.8897499
1.0291954
0.9381652
1.0838007
1.0314332
0.9985715
1.0299836
1.0299526
1.0177068
1.0908263
1.1067485
1.0380292
0.98168975
1.0762254
1.0978137
1.013134
0.9215585
0.98539066
0.9671711
0.9693225
0.91080964
1.1622307
1.1238463
1.0498697
0.8896463
0.9172385
0.8603271
0.96370715
1.1251478
1.0751396
0.97728693
0.9321553
1.0431297
1.0020261
1.1063883
0.9071727
1.0653774
1.013029
1.0709187
0.98274463
1.038334
0.9508997
0.910667
1.0586313
1.0887139
0.96506524
1.0254904
1.0715079
0.9777175
1.049126
1.0898702
1.0630738
1.0687908
0.8569125
1.0767661
0.97793293
1.0897639
0.91018
0.9578408
1.2126766
1.0447665
1.0838013
1.0245297
1.005899
1.0790657
1.1267178
0.95540607
1.1133473
0.97608256
1.0665557
0.86218476
1.1177387
1.0689917
1.0606579
0.95280397
1.0439805
0.92227525
0.9077606
0.9751086
1.1307541
1.1804453
0.8896785
0.9975935
1.0910274
0.9506072
1.0391855
0.98520887
1.1107502
0.8733755
1.1060945
0.8914287
0.9732588
1.012138
1.0503666
0.94189656
1.043819
1.0133619
0.99645543
0.9408668
0.8814758
1.0630758
1.0525361
0.9415959
1.0266804
1.0813113
0.883258
0.8675013
0.93317425
1.0414052
0.93768424
1.0878642
0.95560825
0.9635532
1.0548548
1.0905898
1.1084478
1.1747333
1.1609617
0.99410945
1.0388873
0.90926206
1.0548875
1.1547081
1.0074046
1.0118637
1.0765195
0.92183393
1.0267733
1.0441126
0.9785106
1.0360199
1.0772706
1.0343633
1.002984
0.910238
0.9946139
1.0359223
1.0962956
0.9550556
0.9194744
0.83987474
1.0766925
1.128656
1.0369023
1.1554145
1.077871
1.0669867
0.869488
0.9947414
0.9618964
1.03847
0.8621717
1.0854534
0.99037826
1.0770183
0.9894237
1.0316167
1.0831405
0.98603463
1.056111
1.0225242
1.0656644
1.1637156
0.9977468
1.0554215
0.9173728
1.002998
1.1305552
1.017427
1.0366236
1.1760844
0.95214736
0.9570402
0.95331776
1.0105652
1.0947335
0.96324444
0.9899478
1.0411229
1.0221792
1.0482087
1.1343886
1.048912
0.9527903
1.0575957
0.9970417
0.9247898
0.9782539
0.87227434
1.0978547
1.0502536
0.9442661
1.0710773
0.9104209
1.0996635
1.1033183
1.1163925
0.9531379
0.8809184
0.9888388
0.89836955
0.9229387
0.95491296
1.0702727
0.9045642
1.01528
0.8879433
1.0612975
1.0986745
1.1380371
1.1053222
0.988315
1.0620018
1.0380682
0.9269787
0.93279576
1.0220352
0.8546014
1.0991951
0.96906745
1.0309554
1.0415126
0.9703073
1.1160643
0.8773565
1.009374
1.0043823
0.9449047
0.92345583
0.993752
1.0369532
0.96501696
0.8700588
1.1773868
0.95332664
1.0240632
0.95403844
1.0657538
1.1056348
1.0962199
1.0942198
1.187584
0.9377068
0.9454351
1.0252994
0.8795656
0.87876385
0.9425537
0.8796999
1.0883926
1.0392374
1.0596391
1.085188
1.001411
0.86816293
0.93253934
0.78615814
1.1110879
1.0573013
0.993932
0.97703433
1.0530579
0.91202855
1.0377282
1.007579
1.0473496
0.99627304
0.82739055
1.1086699
1.1007168
0.93675804
1.0785375
1.0806906
0.99952686
1.1545401
0.8897083
1.1590141
1.1904713
0.9317223
1.0475601
1.0836759
1.1294961
1.0725245
0.98914266
1.0312145
1.0410535
1.0586846
0.8465301
0.9729421
1.0122057
0.9494177
1.013551
0.9915421
0.9196755
1.0685962
1.031381
1.2308191
0.9840089
0.9630504
1.113317
1.0002486
1.0348287
0.9586252
0.9685137
1.0848061
0.98921573
1.1607049
1.1040349
0.98753715
0.91324997
0.8707565
0.8643353
1.0511981
1.1190383
1.0538031
0.92731297
0.89673245
0.979378
0.9788655
1.0760329
1.0895518
1.0205423
1.1144661
1.070548
1.1204754
0.93502605
1.0112019
0.8532491
0.96074796
0.8922974
1.0313115
1.0207771
0.90792114
0.93813396
1.0534178
1.1515632
0.9290993
0.9929025
1.0559447
1.092402
1.0279852
1.0086437
0.9655765
1.0597093
0.9079536
1.0212624
1.0421087
1.0569165
1.1010095
1.0623425
1.0676389
0.8540323
0.9196712
1.0662025
0.95363235
1.0460888
1.0120356
0.8790791
1.0072612
0.9846992
1.0523697
1.0810995
1.0607424
1.1098036
1.0843735
0.88067114
1.047474
1.0845499
1.0711459
0.9588841
1.2437495
1.2174658
1.022
1.0081097
0.92353606
0.8740488
1.0599822
1.1007806
1.0076554
0.94106734
0.86251616
0.9522822
1.0640591
1.0431925
1.0100664
0.90782124
1.0796167
0.93759894
1.0436907
1.0491345
1.0403787
1.0558704
0.8630601
1.0066395
1.0529264
0.9750875
0.9940881
1.0415336
1.0060353
1.101319
0.9213841
1.0271775
0.97617054
0.9233544
0.84360695
1.1259087
0.97720695
0.9761288
1.0106573
1.0335522
0.9721791
1.0593677
0.94595677
0.95367146
1.07638
1.0514402
1.0290961
1.0151445
1.069538
1.1284733
1.0758674
1.0217385
1.1804576
0.88318735
1.0378715
0.9923264
1.0195861
0.9847753
0.91452503
0.86441505
0.9884075
1.1342518
0.97579134
1.1216604
0.9844883
1.085677
1.0492517
1.0593897
0.9144979
0.9340967
1.0428752
1.0553435
1.0020045
0.99900544
1.0823275
1.0337301
1.0173248
1.0667815
0.9606207
1.056708
1.0227286
0.9266896
0.89455557
1.1640203
1.0285988
1.0293038
1.0715711
1.0666442
1.1937213
1.1375268
1.064396
1.0746107
1.0935364
0.88569343
0.9730507
0.9370451
0.965202
0.99659085
1.0646917
1.0992123
0.96333134
1.0703971
1.1438129
1.1385281
1.1021014
1.0787855
1.1526272
1.1180831
1.1007236
1.1823739
1.0584184
1.0859587
1.0752269
0.8925512
0.8548186
1.0526532
1.0172576
0.98111784
1.0500554
1.0180607
0.9519158
1.1013613
0.91080964
1.0136843
1.0677096
1.0831839
1.007092
1.0735723
1.0607609
1.0634406
1.1061453
0.93470955
1.0144742
0.88795686
0.9493749
0.9040712
0.907832
1.0249262
1.0788707
0.9291638
0.9642783
1.1124885
1.0451659
1.0988033
1.01334
1.0429194
0.9608021
1.185631
1.0397973
1.0348158
0.96535033
1.0272591
0.88940114
1.1364633
1.1399777
1.0178094
1.0650465
1.0431051
0.9878698
0.99868804
0.822805
1.0366145
1.0124595
0.96946365
0.9060789
1.1150475
1.0741649
0.9647345
0.89469814
1.0822489
1.026136
0.94987726
0.9583287
1.0289332
1.0211786
1.2089378
1.1849575
1.1097561
1.1034331
0.8824941
1.050165
1.0285232
1.0521
0.98602986
0.8603211
1.000729
0.98437124
1.0515941
0.9407525
0.9747174
1.1136731
1.0725849
1.0380715
0.96403486
1.026916
0.99252623
1.0209833
0.9314511
0.9128065
1.1148713
1.0042595
0.8733493
0.87883633
1.0806898
1.1232169
1.0094101
1.0845135
1.1145881
0.9678222
1.0209937
0.9671129
1.0717692
1.002505
1.0986788
1.2175399
1.0030972
0.9265518
1.0260235
0.88579726
0.934938
1.1475132
1.018086
1.0122541
0.9450344
1.1020292
0.9258073
1.134066
0.9715177
1.0980332
0.9533632
1.0044628
1.0170057
0.8784649
1.0615216
1.1480021
1.008623
1.077618
0.9674189
0.9306092
1.1491988
1.0060536
1.0573326
0.9879477
0.999158
0.94518375
0.8638265
1.0165236
0.9297142
1.1819025
0.95663977
0.97552484
1.0724397
1.0913794
1.0409943
1.0039922
1.0077214
0.9855584
1.0894189
1.0436114
1.1044495
0.9786587
1.0379201
1.0526907
0.89900565
1.0555707
0.9917743
0.994093
1.082739
0.89168125
0.89342856
1.0449755
0.9907686
1.0571274
0.9741331
0.8732813
0.98320866
0.91106856
0.9317812
0.9679079
1.0343095
1.0763007
0.9316318
1.0302083
1.0003483
0.9848233
1.1272072
1.04619
0.90921175
0.83780134
0.95990455
1.0410638
1.152303
1.055419
0.9190656
0.96704686
1.0924249
0.9796614
1.1435617
1.011395
0.94080156
0.9420584
1.1677943
1.1335908
1.1036091
1.0387375
0.9520705
1.1277574
0.9569175
0.85119724
0.9513728
1.028322
1.0472527
1.0158308
0.9829637
1.1567975
0.99052215
0.9028754
0.9577044
0.9984282
1.0482897
0.99068785
1.0081981
1.025667
1.0308504
1.0619661
1.1180277
0.9226155
0.91383755
1.0796623
0.97969544
1.0058914
0.93588936
1.0585066
1.1552883
1.0540464
1.113617
0.99011934
0.9521456
0.929873
0.9269829
1.0946516
0.92694604
1.1238877
0.94775295
1.0458546
1.0077496
0.9665232
1.1148037
0.88814664
0.94201636
1.0441562
1.0492201
0.84971476
1.094513
1.0756652
1.0445181
0.87686753
1.043513
1.0575292
1.0474985
0.95511234
0.83920026
1.0493714
1.0995384
1.1361612
0.9500919
1.0604864
1.0848941
0.9292878
0.9140612
1.0304282
1.1151012
1.1029187
1.007268
1.0495547
0.95850325
1.0281051
1.0589728
1.0805019
1.0177065
1.219992
0.9847436
1.0132002
1.0792364
0.93635976
1.0491548
0.91439754
0.9693022
0.85739934
1.0821964
1.2111654
0.94973767
0.9093238
1.0383211
1.0738709
0.98886067
1.0109079
0.8559127
1.0630783
1.1995571
1.154458
0.97678185
1.1773509
1.0689077
1.1861006
1.0748941
1.0144528
1.0623451
0.9261476
1.0582193
0.8371202
1.1198643
1.0916562
1.0356964
1.0020744
1.1013722
0.84804654
0.89042205
0.90564346
0.9504132
1.1267463
1.0728844
0.85891503
1.1512349
0.978777
1.0507499
1.0832455
1.1315725
0.97883624
1.0262834
1.0306073
1.0632619
1.0749756
1.1637633
1.180623
1.0262256
0.85614836
1.0236354
1.0068831
0.967641
0.9062753
1.0985513
0.98574257
0.99365425
0.9599999
0.8715488
1.0577077
1.0144272
0.94202757
1.0268734
0.9691034
1.1152049
0.9083817
1.0535733
1.1251962
1.0032316
0.88636875
1.0405167
1.0944703
1.0446647
1.070002
1.0792733
0.8568778
0.9632791
1.0829654
1.0400838
0.9958113
0.95919156
1.0709548
1.0286814
1.2317107
0.9935612
0.9293266
1.0712591
0.88261664
1.0617651
1.0726609
0.9757293
1.0340006
1.0187505
0.9738412
1.0340068
1.1088483
0.8338318
0.9969419
0.96695477
1.0791856
1.1805041
1.0601593
1.0177749
0.9821976
1.0124995
0.8720832
0.95201385
1.1421808
0.9039854
0.981794
1.0274819
0.9523294
0.96917236
0.9025101
1.1180042
0.87550646
1.0836605
0.99238414
1.0677081
0.98838603
0.8682774
1.0382652
0.9305655
1.0519041
1.01774
1.0571355
1.1649542
0.85840565
0.92147285
0.95215166
0.98521227
1.0613737
0.91151595
1.0807099
1.1832411
0.96774566
1.0404092
1.0692779
0.9999039
1.1137714
1.0340047
1.1601188
1.0295305
0.93734306
1.000767
0.99321973
0.9405933
1.0493627
0.9878669
0.9274393
1.0482357
0.94864285
0.9330429
0.90707
1.0518093
1.0190216
0.9926439
0.8751898
1.07884
1.0796001
0.9715292
1.0579222
1.0465255
1.0523826
1.0103403
1.0753927
1.0724636
0.90503085
1.0488868
0.8808726
0.90153015
1.0997334
1.0066774
1.1303285
0.9296203
1.0667555
0.9799201
0.9371526
1.0714461
1.0082254
1.0504508
1.0562277
0.8879717
1.0326291
0.99818796
1.1410981
1.0188107
0.9914434
1.0012876
0.97544146
0.9890018
1.065532
0.90454113
1.0130649
1.1094266
1.0366033
1.0530043
1.1482736
1.0637063
1.1197481
0.9299731
1.072503
1.0494803
0.91332996
0.9568013
1.0442157
0.938697
1.0969996
0.9855572
1.1056236
1.1425135
1.2166891
0.88227886
1.1155201
1.0014294
1.1179789
0.92618483
1.0013076
0.9273136
1.0137088
0.88133705
1.0448575
1.0040874
1.0452373
0.97528505
0.87318736
0.93647504
0.992496
0.91926396
1.0453053
1.0518557
0.9050151
1.0990685
1.0835276
0.9024744
0.89384997
0.92935383
0.90751755
1.008932
1.1989177
1.0413904
1.0298405
0.9593234
1.0589249
0.9007435
1.103597
1.0208567
0.92021453
0.8626889
1.0599321
0.85098684
0.9436897
0.8761092
1.2142988
1.0484617
1.0342845
1.0671527
1.0729219
1.0386053
0.881902
1.0119516
0.9899992
0.93970215
1.0665976
1.0232145
0.87926376
1.1144235
0.77047396
1.1056604
0.97007877
0.9746675
0.9898504
1.0704645
0.98943096
1.0205989
1.0217748
1.0255369
1.0397716
1.0272974
1.1171813
1.06828
1.1474707
0.96036685
0.9146043
1.1448576
0.90716916
0.9738241
1.1059829
1.0160072
1.0243372
1.0839281
1.0119939
1.0021503
1.0480063
1.0218979
0.93218136
0.97820735
1.0564182
0.8184844
1.0128808
1.0988688
1.0310223
0.8632085
1.001305
1.0685496
1.0798857
0.99867374
1.108469
1.0830859
1.076286
0.93162835
1.0076475
1.0536915
0.9970574
1.0227449
1.0298809
0.9979792
0.94012356
1.026305
0.89934814
0.98114485
0.8126074
1.0624858
0.9770387
0.91558224
1.1011318
1.0407535
1.0240402
1.0910778
1.0770427
0.95115227
1.0166986
0.91859657
1.044311
1.1660799
1.0052066
0.99798226
1.0552086
1.0177077
1.0615646
1.118738
0.932657
0.9976354
1.0103625
0.96944976
0.9975822
0.9629833
0.97451687
1.0437586
1.0163693
0.92179847
0.9252116
1.0161245
1.1390458
1.0450869
0.94562125
1.1805733
0.96428335
1.0864261
1.1154634
0.92381704
0.9147675
0.99355626
1.0837286
0.9661273
1.0044553
1.1784264
1.1552825
0.8727968
1.0731798
1.047695
1.0960652
1.0377007
1.0897968
1.0627376
0.89500046
1.0592022
1.2298005
1.0802828
0.85502565
1.0129725
0.9696436
0.9782475
0.9117404
1.0622063
1.0507481
1.0787812
0.93613887
1.0074574
1.0591801
0.995039
1.0781385
1.0050675
0.915099
0.92963314
1.1002749
1.0449837
0.9945365
0.94527984
0.9564694
1.1344565
0.96059465
1.0355002
0.86361825
0.8549521
0.946118
1.0781804
0.90161383
1.0797466
1.1982244
0.9103729
0.979579
0.87928355
0.90868515
1.0676477
0.87846
1.003557
0.94150615
0.98172456
0.9431869
0.9964053
1.0561126
1.1044059
0.97347665
1.0524992
1.056193
0.9820944
0.9961785
1.014934
0.96729076
1.022977
0.9595891
1.139063
0.97097504
0.9714539
1.053279
1.1272324
1.0218182
0.90361184
1.0838639
0.9188578
1.0620744
0.9256133
1.0741373
0.95937514
1.0030473
1.0462449
0.9941603
0.9828635
1.0648506
0.96501696
1.1179725
1.059947
1.0695025
0.9758752
1.0660753
1.0213788
1.0651093
0.95553184
1.1759225
0.9801657
0.940559
0.81900334
1.1022255
1.000674
0.97382605
1.1306182
1.0735321
1.1038336
1.047102
1.0903113
1.0163367
1.0632656
0.8693564
1.064186
0.9156888
0.95685965
1.1226511
1.0945933
1.1283525
1.0780393
1.0147964
1.0714428
1.0094874
1.1002052
0.9913436
0.9123951
1.0743016
0.96495366
0.9460435
1.0541823
1.009806
0.94605637
1.0391542
1.0985057
1.0406389
0.9424535
1.1036847
0.9953295
1.050619
0.954828
1.1056522
1.156341
0.9576033
0.93063056
1.0636997
1.09406
1.0658199
0.9706774
1.0253481
1.0151796
1.025705
1.1308676
1.1520932
0.9692737
1.0305108
1.0538938
1.0642399
1.0076989
0.97739637
0.95123494
1.0294111
1.1089365
0.89869213
1.1632771
1.0107024
0.98904943
1.1297466
1.0727649
0.9602162
1.0260317
1.01036
1.0894774
0.9550128
0.97475636
0.8948269
1.0716844
0.96301305
0.9573163
1.0149429
1.0469792
1.1179222
1.012678
1.0663952
0.9635319
1.0565563
1.1376227
0.9855826
0.8681066
0.9901352
0.93671525
1.0521852
1.1358409
1.0308175
0.9275397
1.0580512
1.0222845
1.0376968
0.92481995
0.9954517
1.1024997
0.9508822
0.9080514
1.0152918
0.9884962
0.988093
0.8518222
1.052928
1.0275185
1.0722581
0.92352724
1.0613565
0.93288517
0.92363864
1.0998709
1.037838
1.0473614
1.0005225
0.84224355
0.9212509
1.094285
1.0203979
1.0646149
1.0977147
0.91507494
1.0129461
1.0704725
1.0279628
0.9342946
0.9012238
1.0448756
1.1105739
1.1677362
1.1634365
1.0044093
1.0158731
1.020152
0.95533824
1.0887481
1.0076783
1.1134118
0.9984337
1.0506474
0.84854937
1.0544453
1.095742
1.0549521
1.0590246
0.89520717
1.0561647
0.9762038
0.92761683
1.1575806
1.1688122
1.1076529
0.9823898
1.0049446
1.0003194
0.99751604
1.0089012
1.0497451
1.008069
1.0207388
0.8896902
0.93930113
1.0788832
1.0479593
1.0062518
0.9828799
1.1646478
0.8658722
0.9161117
1.0458347
0.9762063
0.97876024
1.0823567
1.1313158
0.96745825
0.99456936
0.94523585
0.95550096
1.08092
1.0624866
1.0383729
1.0257949
0.9425436
0.97317004
1.09098
0.9916017
1.0478113
0.90933144
1.0759319
0.98166317
0.8867221
0.9655888
1.0784644
1.0141692
0.9031037
1.118153
1.0129702
1.1462018
1.1314718
1.1906767
1.1058146
1.1154298
1.064328
0.9289713
1.1653928
1.1306905
0.9325863
0.8545442
0.9701445
1.1641761
1.0498323
1.0231595
1.0388528
1.0807538
1.0611598
0.96525073
0.9033734
1.0253971
1.032729
1.182254
1.0441306
0.9283109
0.89346886
1.1630105
1.0666226
1.0492053
1.0934339
1.0746715
0.86751485
1.0465252
1.0032529
1.1296359
1.1104957
1.1755345
1.0392951
0.9847764
1.0165949
1.0673068
0.9287121
0.97614616
0.9946643
1.0474662
1.0012102
1.1260185
1.0479925
0.93874896
0.9681857
1.0664071
0.9575474
1.0164111
1.1050181
0.8203515
1.0951191
1.0367904
0.91805625
0.93370664
1.0688223
1.0155705
1.1104202
0.8536434
1.0673501
0.9625951
1.0619265
1.0538777
1.050229
0.9704968
0.95588106
1.0841457
0.9328648
1.1076633
1.0430969
1.0910702
0.9327466
1.0167586
1.106793
1.159193
1.0393231
1.1041561
1.1174179
1.0367568
1.0676272
1.0357946
0.99988544
1.0334992
0.8804926
1.1062182
0.8621635
1.0079275
1.1548821
0.90448815
1.1406605
1.007011
1.096186
1.086778
0.9140307
1.1315184
1.0397893
1.0550421
0.9927511
1.038616
0.9927757
1.0004395
1.0129757
0.91554224
1.0661744
1.0985428
0.9293895
0.98834777
0.96704674
0.924251
0.9625584
1.1147367
0.76612663
0.94753695
1.0710981
1.0728465
0.8562627
0.8884024
0.97048426
0.9847008
0.99088037
0.853418
0.9386421
1.041343
0.8825176
0.85404277
1.0504192
0.9902925
1.0439733
0.99411875
1.0591139
1.2199309
0.9990747
1.0854999
1.1643041
0.8842408
0.94959337
0.81744087
1.1002105
1.0727468
1.0861328
0.9461509
1.1150961
0.9024681
0.9055096
1.1276495
1.0465078
1.0509486
1.1572142
0.9591856
0.8476711
1.0141934
0.984631
0.9787018
1.0610988
0.95672745
0.96570027
0.960914
0.9396959
1.0727475
1.0217655
1.2158884
1.0494299
1.0049107
1.104296
1.0636353
1.0506117
0.9895955
1.1210167
0.8798307
0.9347954
1.1284165
1.0104692
1.0349412
1.0374941
0.99822307
1.0960414
0.8530649
1.032671
1.0480497
0.8772651
0.9837326
0.93677866
1.0014949
1.1076576
0.9630123
1.0475922
1.0887452
1.0231503
0.9764622
1.0892589
1.0713041
1.0110614
1.0531386
1.062922
1.0932395
1.065879
1.1207752
0.8851135
0.92213786
1.0948545
1.1380856
0.9277283
0.9359329
0.9494227
1.0234917
0.83768547
1.1949825
1.2058233
1.1662046
0.92159975
1.0195457
0.9373123
1.0703528
0.9286926
1.1646446
1.0997504
1.0089628
0.9920305
1.0258517
1.0836086
1.0043815
0.9777212
1.1436986
1.0564531
1.1033727
1.0525846
0.97231257
1.0061382
0.89188695
1.0662665
1.0496327
1.0540358
1.0792264
1.0368425
1.0324246
1.0129168
1.2140392
1.094809
0.8756302
0.9257668
1.0187734
1.0226713
0.92052615
1.0224178
1.0992706
0.9864263
0.9460267
1.0304154
1.0005985
0.9382509
0.87637603
1.1186236
1.0090866
0.99459565
1.1804727
1.1287915
1.1177272
1.0457648
1.0469149
1.0104582
0.9423145
1.0687724
0.90544415
1.0821304
0.9304415
1.041467
1.0625232
1.1064394
0.6974312
1.1539631
0.9288461
1.0079865
0.99553084
0.9715122
1.107489
1.1164547
1.0911436
0.9538609
0.97604156
0.93575895
1.0569324
1.014005
0.8763201
1.0450668
1.0100683
0.9820162
1.1554437
1.0249364
1.1481159
0.937913
0.9587191
0.98997045
1.0264493
1.1620668
1.0445637
1.0388592
1.1246921
0.98732066
0.979516
0.9510993
1.0807241
1.1064328
1.0194975
1.111742
1.067058
1.0256265
0.80176353
1.0032331
0.984759
1.0622605
1.0235772
1.0685593
0.8519225
1.0909456
1.0601432
0.8760133
1.0112941
1.0476027
0.9422736
1.0701388
1.0509278
0.8292804
1.0345206
0.9986142
1.1089474
1.0866554
1.1526108
0.9997591
1.0346992
0.98704654
1.1632786
1.0190204
1.018815
1.0937033
1.0369
0.9010538
1.0845921
0.90381205
1.1739175
1.1091682
1.0964293
0.86978126
0.7988267
1.0530558
0.9487616
1.0114667
1.0780175
1.0338924
1.0854934
1.0406296
0.9266962
1.0859215
1.1307836
1.0475068
1.075263
0.97794193
1.1142874
0.9585483
1.0831248
1.0877916
1.0753777
1.0273241
1.0102576
1.0472085
0.797551
1.0074136
1.0569574
1.0665141
1.077534
1.0004402
0.89596444
1.0654541
1.0181681
1.0408152
0.89760494
1.0795609
1.0440859
1.1219254
1.106878
1.1506437
1.1572393
0.9913641
0.9965612
1.0693302
1.0165215
1.1119007
0.9595869
1.0822213
1.0169092
0.96847355
0.9787152
0.96603763
0.93256015
1.0063363
1.0942008
1.0693548
1.0816804
1.1040542
0.93652046
1.079096
0.88550895
0.91563165
1.0321406
1.1518024
0.8930589
1.0027363
1.0813905
0.87784207
1.09802
0.8111724
1.0699565
1.0977527
1.1200294
1.1058807
0.9580306
1.1701977
1.0836017
0.93548405
1.0996557
0.9648601
0.8612003
1.1088923
1.1564562
1.1253262
0.91274756
0.94450736
0.90398806
1.0915833
1.096878
1.0537775
0.8322027
0.972295
1.1063484
0.9039911
1.030211
1.0757114
1.0189219
1.0162323
1.0476446
1.0834631
1.0394801
0.994052
1.0817884
0.90427226
0.8957375
1.0243045
0.94711256
1.0648296
1.0433879
1.0193237
1.0468227
0.98781425
0.9485303
1.0198654
0.9400108
0.93586504
0.9654649
0.89233786
0.99303395
1.0458785
0.93633926
1.2002798
0.88141644
1.022664
1.0374744
0.9124963
1.0856034
1.0538443
0.8932945
0.97213745
0.9267676
1.0843593
0.8537003
1.1004565
1.0638614
0.94747365
1.0184125
1.09311
0.980733
0.890937
0.9742834
1.1227117
1.0522135
0.8966718
1.0888393
1.0524555
1.0854748
1.0275981
0.84961057
1.089859
1.0066643
1.0190301
0.9387212
0.95275366
0.9423382
0.99148655
0.94231987
1.101138
0.9384661
1.0563998
1.0013574
0.8709687
1.0989652
0.86248326
1.1112607
0.9916951
0.9403318
1.0145673
0.9505631
1.1019567
0.9856273
1.0821042
0.9232298
1.0331798
0.8458474
1.0333842
0.990497
0.9198495
1.1481458
1.0349492
1.022122
1.1854681
1.022149
0.87362254
0.8532239
1.0662298
1.1070443
1.0517021
1.1195424
0.9540497
0.97262615
1.1087399
0.91359365
1.0119472
0.97316027
1.146846
1.1329502
1.0369598
1.122471
1.1178142
1.1857022
1.1214854
1.035041
0.8141506
0.9581412
1.1507039
1.0391852
1.0381383
0.9747807
0.91366243
1.0365716
0.92893374
1.075938
0.93836665
0.9965621
1.1379236
1.07358
1.046626
0.85942245
1.0825641
1.0317084
0.9307562
0.8567413
0.95497286
1.0599458
0.84930336
1.0533569
1.090156
1.1045899
0.96544766
1.0490382
0.95408386
1.0894357
1.0567195
1.0723461
1.0992558
1.0493176
0.78984034
1.1002088
1.0630124
0.95088685
1.0536543
1.0348369
1.0347017
1.0191079
0.9090136
1.0588201
1.0861282
1.0069195
1.0118544
0.9668267
1.0505759
1.0327059
1.0849237
0.9436176
0.9914893
1.033441
1.0278226
0.97299576
1.0484109
0.99421
0.95266545
0.85380816
1.079945
1.0258871
1.0748408
0.8293452
0.9037848
1.0136099
1.0465506
1.1103727
0.93941844
1.0052631
1.0019962
1.0473427
0.9549737
0.92507184
0.96801627
0.94840384
1.0545487
0.9852617
1.1761209
1.0073401
1.0551808
0.9980285
0.96127
1.0026743
1.0346751
0.94081277
1.0987824
0.98624957
1.0805178
0.88863695
1.0318769
1.0355852
0.8561189
0.9615512
1.1098746
1.053796
1.0625824
0.9706619
1.1447628
0.9813734
1.0959466
1.0580337
1.0457122
1.1544122
0.9990912
1.0543479
1.088871
0.9348612
0.9924878
0.8881966
1.0192395
1.0234635
0.96664065
1.1566354
1.1489052
1.0582274
1.0508281
1.1274061
1.0807432
0.9223857
0.989027
1.0540669
1.0468599
1.1703849
1.0187446
0.8757156
1.0997182
1.2009999
1.0476989
1.0767193
0.99050856
0.8619783
0.96428114
1.0131872
0.967643
0.8720728
1.0432653
1.1076418
1.0722821
1.1048492
1.1753981
1.0004987
1.0644993
1.0287806
1.1246284
0.8911699
1.0054747
1.116736
0.9326234
0.9658959
0.8885441
1.1484027
0.95470273
1.0411509
1.0432501
1.0664833
0.9831835
1.0470413
0.9951646
0.8915956
1.043825
0.90464246
0.96444917
1.061922
0.97308254
1.143657
1.0066919
1.0222671
1.0270889
0.8840003
0.9625554
0.90568066
0.9680016
1.0450139
1.0915403
1.0600358
1.1690038
1.0962261
0.99469626
0.9338164
1.036621
1.0293736
1.0865042
1.0591351
0.9114355
1.057091
0.9694158
1.0040122
1.1558988
1.0278805
1.0848035
1.1890587
1.1863827
1.0690963
0.9867283
1.0127808
1.0573725
0.96878815
0.9719417
1.0813233
1.1088753
1.0435536
0.85895544
1.106522
1.0830643
0.89594275
0.83718437
1.0144897
1.0014865
0.9893309
1.0922687
0.91714895
0.96161866
0.91528046
1.0453801
1.1160475
0.9245816
1.056406
0.9900107
0.9487967
1.0402162
0.9731778
1.0359432
1.0209837
0.943049
0.8903212
1.1191239
0.99268484
1.1278273
1.1381171
0.9851954
0.93530214
0.92220294
0.9201103
0.77505827
0.99024624
0.9539466
0.97390056
1.1687598
0.9856789
1.0561037
1.0216995
1.1734753
1.0980278
0.96400106
1.0010936
1.0204538
1.0638938
0.92932683
1.0735667
1.1191319
1.1327516
1.0697398
1.0269923
0.8892261
1.0954182
0.9533302
1.0788214
0.92257047
0.9160212
0.9297029
1.0624455
0.8970268
1.030577
1.0046444
1.0018162
1.0993747
1.1098679
0.9928707
1.0281527
1.0240275
1.1361027
0.86896646
1.0066769
1.0615094
1.0713369
1.022327
0.9603617
1.1894876
1.1047614
1.0405859
1.0814561
1.2482097
0.972728
0.9507475
1.0859021
0.8554636
1.0750678
1.0265187
0.93807375
0.9015591
1.10757
0.9835737
1.0605619
1.121424
1.0902915
0.91522527
1.09978
1.0579574
1.0227771
1.0438126
1.0004989
1.0261353
0.9965562
1.1659622
0.9089173
0.98620975
1.0624584
1.0554045
0.92702985
0.9026586
0.87618387
1.0841334
0.952508
0.8631629
0.98563004
1.0037187
0.9017493
1.0533323
1.0421733
1.1368421
0.9788006
1.1773442
0.93664134
1.0478461
0.96809375
0.9840494
0.99363035
1.0654473
1.0199896
0.9549241
1.1201047
1.089062
0.8565223
1.1076821
0.9054781
1.0825
1.0030209
0.93434143
1.0908775
1.1216352
0.9879409
0.91255116
1.0160578
0.8741591
1.0715873
1.0947406
1.0148947
0.84115744
1.0127559
0.95470554
0.85155
0.89588964
1.0423005
1.0481822
0.9483089
1.0165854
1.0510267
0.8380308
1.0877317
1.0444336
0.9916297
1.0864835
0.9639882
0.9531578
1.1182638
0.9346485
1.1562241
1.0922925
0.8796804
0.8936795
0.97464836
0.94098926
1.0231313
1.0083197
1.0510526
1.0455999
1.0434018
1.0337644
1.1135842
0.97499835
0.9678127
0.9476558
1.0148802
1.1441116
1.0051345
1.213125
0.97541064
1.080529
1.0658053
1.1101373
1.0690457
0.86470616
0.96204096
1.0485579
1.0829941
1.1388472
0.8516035
1.0865552
0.97522676
0.943786
1.0595782
1.0957763
0.90363985
0.82891023
1.0382298
0.9419438
0.9875249
0.98497725
1.0194153
0.9527025
1.0299063
0.902671
0.9667164
1.0229887
0.8713859
1.0450991
1.1205218
1.0117224
0.99263585
1.0301946
1.0111372
0.9507415
1.0152459
1.0466571
1.1003739
1.0002759
1.0219331
0.97874737
1.014186
0.885943
1.0465969
0.9031153
0.9345447
1.0154299
1.0726426
0.95331955
0.9340612
1.0228415
0.9203435
1.0088499
0.8966222
1.0040913
1.0069873
1.1123399
1.1242456
1.0724723
0.7839221
1.0264972
0.86997736
1.1497228
1.0330652
0.8826599
0.96687603
1.1252925
1.0480784
1.0881746
0.9118726
1.0433105
1.0541302
0.9351379
0.9106853
1.1779418
1.0033128
1.0985285
1.0997856
0.95055187
1.0394707
0.95548344
1.0886714
0.8715804
1.0061706
1.0643827
0.9576591
0.99367934
1.0326169
1.0569388
1.0942948
1.0096302
0.9471855
0.9434358
1.1608593
0.9503292
0.95839214
0.99952817
0.971776
1.0669061
1.0437057
0.89604354
1.0586828
1.1607696
1.0698079
0.89000964
1.0341848
1.038225
0.8636235
0.9641343
1.0464984
1.113347
1.0028286
1.1079412
1.0002754
1.0532316
1.0466841
0.9834187
1.0316638
1.1075292
1.0799123
1.1659362
0.97349703
0.9973499
1.0144459
1.112582
0.99190634
1.1118631
0.9214132
1.0685971
0.9011834
0.9681691
1.1104379
0.8710462
0.9000732
1.0378861
0.97998375
0.96090734
1.0526491
0.97492206
1.0196944
0.9775939
1.0669291
1.127157
0.9873191
1.0796475
0.9689815
0.95644134
0.9142889
1.004097
1.154155
1.1602378
0.85306156
1.0174648
1.054074
1.0258133
0.93666667
0.874246
0.9413424
1.081681
0.9602569
1.0304267
1.1122657
0.9837644
0.95655
1.0567418
1.0125333
0.95463574
1.0642464
1.0432558
1.0607114
1.0968872
0.9334445
0.87920886
1.0525267
0.9105494
1.1921648
0.8762806
1.0963137
0.967792
0.826756
0.9362284
0.9140874
1.0657393
1.1075253
1.1068289
0.9417664
1.0273589
0.86877406
1.0093825
0.8999032
1.0178497
1.0078351
1.1506158
1.0979412
0.9324725
1.107411
1.121984
0.949783
1.038978
1.0556146
0.96184003
1.1295758
0.9960675
1.1918536
0.8830843
1.195292
0.99225605
0.8944664
0.992669
0.94834554
1.0622691
1.1677369
0.8330851
1.0831867
0.8917105
0.8079019
1.143912
0.96796566
0.9775239
1.0354877
1.138838
1.009933
1.0035794
1.0968833
0.98919344
0.9812805
1.110582
0.8691455
0.9132273
1.0467649
1.0474168
0.9623759
0.97918975
1.116423
1.1961083
1.1644162
0.8934947
0.9819718
1.009846
1.0075804
1.0887804
1.1113113
0.9468451
1.093295
1.0274287
1.0753082
1.0939897
1.1043514
1.0587385
1.0974946
1.1421494
1.1078763
0.9283223
0.92383647
0.91707337
1.0116532
0.84940314
1.0305585
1.0044473
1.0193998
0.8933519
1.1852326
0.8670417
1.0597924
0.93373513
1.0224358
1.0755813
1.0522003
0.8447479
1.044346
1.0482851
1.1034313
1.076505
1.0115839
0.9294404
0.9503633
0.94798446
1.0423567
1.1065006
1.0202516
0.99142367
1.0468392
1.1371205
0.9704689
0.85882115
0.9596721
0.998561
0.9747176
1.0288045
1.0397022
1.0831864
1.0428268
0.97265595
0.82541764
0.99536324
0.88392293
0.8988198
0.8351085
0.91849685
0.96299493
0.92238784
0.89123774
1.0299016
1.0392737
0.9239242
0.90525854
1.0676037
1.0520158
1.0427852
0.86001885
0.9102999
0.86520195
0.9358293
0.9496216
1.0132138
1.0616626
1.0818985
0.9806577
1.05527
0.90790355
0.85996675
1.0575305
0.9710436
1.0381562
0.86191815
0.9002137
0.99181116
0.85481185
0.9993981
0.83111393
1.0536441
0.9778583
1.0845598
0.87278044
0.85959375
0.8511795
0.9632493
0.99113053
0.8452846
0.982108
0.8363364
0.9658494
0.92308724
0.98951066
0.9527458
1.040604
0.86603814
1.071386
0.94386387
0.9944427
1.0111898
0.9447484
0.9630728
0.9696535
1.1310478
1.0695486
0.9071365
0.85383594
0.968151
0.8783031
0.9621316
0.89505005
0.9431919
0.9168606
0.9172841
0.8101562
0.9666301
0.9033332
0.9183035
0.89032733
0.8997029
0.9010363
0.83061147
0.9563347
0.83112705
0.85616547
0.8723456
1.031009
0.8988031
0.943241
1.1482549
0.7808278
0.87834835
0.94912446
0.9988426
0.7478867
0.8816732
0.8955413
0.98294646
0.8743046
0.8277229
1.0230774
0.8478947
0.9690825
0.92614645
0.96896064
0.8202858
0.91449124
1.1158321
0.92308956
1.0426568
0.88189995
1.00043
0.88135105
0.9646222
0.9955207
0.96093607
0.89657396
1.0543196
0.8841747
0.8198106
0.8060578
1.1337193
0.7681998
0.8970791
0.9574909
1.0836453
1.1970865
1.0215582
0.9703942
0.8516549
0.9340669
0.81642663
1.0474154
0.86239564
1.0438322
1.0744902
0.8572867
1.1503468
0.86469495
0.8566079
0.78801084
0.8692436
1.150259
0.9804027
1.0317943
0.963824
0.9816933
0.9501614
0.91576153
0.7879859
0.86599994
1.0684867
0.9704951
0.9309422
0.9272355
0.8897716
0.8940364
1.0106525
0.8500018
0.9470569
0.92485607
0.81304574
1.1539901
1.0896101
0.9912347
1.0108378
1.0459232
0.8860449
0.86944866
0.9323954
0.9686767
1.0567437
0.8139112
0.86290145
0.92396426
0.95221627
0.9536693
0.9609607
0.9502201
0.91539073
0.88570654
0.8818338
0.82100856
0.95242774
0.9929812
0.9125809
1.0600721
0.9697645
0.9741318
0.87996423
0.9803245
0.8185262
0.96494603
1.0570805
0.9207944
0.85567683
0.88410676
1.0976661
0.83325255
1.056042
0.91211665
0.89915377
0.9412436
0.96623385
1.0247525
1.1430563
0.8278122
1.0685996
0.9110607
1.0146282
0.8502597
0.935566
1.018642
0.9198427
0.81412584
0.864661
0.83841693
0.902075
0.8463781
1.0024374
0.85800624
0.9436302
0.94347644
1.0794827
0.8898147
0.9829056
1.1076429
1.0952386
0.84378666
0.9847497
0.8706205
1.1209
0.88058245
0.83653736
1.0714475
1.0839287
0.92045176
0.8399509
0.8698286
1.0335946
0.94884825
0.7894321
1.0509243
1.0596566
0.86656445
0.91859186
0.8453675
1.1459526
0.81847686
0.9558037
1.100967
0.954018
0.96441877
0.8107051
0.9924768
1.0613267
1.0294752
0.842879
0.8963552
1.0573555
0.9509171
0.9996948
1.0305535
1.0059786
0.9891187
0.87252045
0.85540175
0.9349418
0.9492407
1.0712531
0.89522827
0.92211676
0.8987074
0.83626986
0.99594
0.88573587
0.8773893
0.8442278
0.85146266
1.0606049
1.0997193
0.91685545
1.1184068
0.9542147
0.8692634
0.9077082
0.9381035
1.0169815
0.914038
0.8855413
0.9469918
0.8947054
0.8309674
0.800223
0.9854464
1.1068795
0.90644646
0.88826954
1.0102328
1.0952011
0.9945265
0.8534015
0.9137978
0.93709826
0.9679121
0.8295812
1.0563538
1.1882627
1.1082194
0.9899844
1.0662239
0.9241478
0.9919454
0.9502876
0.9338635
0.99464893
0.93085253
0.9529265
0.9098183
1.0307978
0.9264463
0.9271692
0.8643755
0.7922109
1.0807737
0.89671993
0.97456074
1.0257083
0.86538637
0.7929964
0.96660554
0.9366505
0.9995117
0.91781783
0.85930216
0.9799081
0.93232816
0.8182566
0.9666616
1.0119803
0.9183814
0.904516
1.0270835
0.9800886
0.94986427
0.86559004
1.0475433
0.9657588
1.0580634
0.89829135
0.88230205
0.8434541
0.90574634
0.85227245
0.94983095
0.8917817
0.9242122
0.9687505
0.82441795
0.9199273
0.9687326
0.81856036
0.8800311
0.83125794
1.0368404
1.0172776
1.0641091
0.8380177
1.0301946
0.8801198
1.0543488
0.86859334
1.0735967
0.99314785
0.8901783
1.0161678
0.9456997
0.87289846
0.79161185
0.8017
1.1080513
0.9016037
0.907701
0.84631306
0.9039784
1.0836791
1.1077973
0.78424597
0.9867605
0.99043846
0.7733107
0.99578536
0.97276807
0.9479209
0.8686602
0.8948338
1.093185
0.9030329
0.8815128
0.8585062
0.87497497
1.0015987
0.915921
0.87418437
0.9254984
0.94647825
0.80328435
0.9254518
0.864046
1.006588
0.9194435
1.0711312
1.0545858
1.1087127
0.85947657
1.0733184
1.1580958
0.9120227
1.0432811
1.0181314
1.0251652
1.0102272
1.1024982
1.0609598
0.8925227
0.95981205
0.94139224
0.7990589
0.9203166
0.91523015
1.0496219
0.9350705
0.88857245
1.0709723
0.89937437
0.83187073
1.0652883
0.9410287
0.900864
0.87872744
0.8642714
0.8096901
1.0518674
0.9678026
0.83307916
1.106131
1.0099646
0.98827064
0.87030905
1.1118366
1.1321042
0.9947902
1.0705307
1.043341
0.9026631
1.1915673
0.8522997
0.8905808
0.8418647
0.89136064
1.0410562
1.0031726
0.8993422
0.89357483
1.0804994
0.9429063
0.9166331
0.81365716
0.85301083
0.85318244
0.9810218
1.055653
0.80593115
0.9030415
0.9408858
0.85596454
1.0923083
0.87757725
1.0314435
0.8574218
0.92574406
1.0184314
0.9034349
0.9194025
0.9431354
0.88196504
0.9671874
0.90494514
0.9730316
0.8118794
1.018716
0.9234142
0.9157
0.9679134
0.9260104
0.8492924
0.82331187
0.8188947
1.0357168
0.82828426
0.87133944
0.9205258
0.81627786
1.0336258
0.9852748
0.9526801
0.981331
0.8889564
0.955735
0.9614608
1.021616
0.8650511
1.031594
0.8750291
0.8774859
0.9456097
0.8461399
1.0735893
0.8687737
0.94405633
0.90796405
0.94859934
0.7814013
0.9146714
0.89755416
1.0785364
0.9036163
1.0456098
0.8634748
1.0304527
1.0530003
0.9577956
0.91361356
0.86978704
0.9009852
0.9785382
0.87466246
0.97055906
0.94923896
1.0185822
0.92285895
0.9698036
0.8850594
0.90912706
1.010519
1.06309
0.859931
1.0132456
0.98439765
0.9739573
0.88317394
0.93159044
0.90685344
0.88441026
0.97844195
1.0675935
0.9769475
1.1570622
1.0266
0.93288815
0.850132
0.8254049
1.0087028
0.9255651
1.0427823
0.87318164
1.1092682
1.0752286
1.0507466
0.9317539
0.91931856
0.860716
1.1016463
0.9521638
0.8962579
0.9835051
0.9683901
0.89347935
0.9512193
0.8893496
0.81445193
0.77230316
0.99342656
1.0353457
0.82605743
0.87824726
0.9386703
1.095675
0.8438852
0.902435
0.8295291
1.0102282
0.9256797
0.8547729
1.0161014
0.92245734
1.0676532
0.8979896
1.0353078
1.033056
0.8547914
1.0571125
0.9166832
0.8389021
0.87817943
0.845444
0.9207146
0.9776692
1.0593498
0.96432257
0.90325266
0.937443
0.7995628
0.953531
0.9788352
1.0661497
0.7760869
0.9690738
0.87626606
0.93111706
0.9650182
0.9971898
0.9253546
0.9562074
0.7917191
0.95740974
0.81039035
0.8861494
0.81805617
0.78839236
0.78622156
0.9140118
1.1810006
0.8651675
1.0189747
0.8902439
0.8039868
0.98854154
1.0090039
0.7908566
1.0025669
1.0671437
0.8997483
0.79828423
0.90155864
0.92941797
1.0311795
1.164738
0.87508583
0.8718314
1.058242
1.0235046
0.82739687
0.8311
0.92650616
1.0452831
0.8796999
0.9868736
1.0830501
0.9407133
1.0587599
0.99494183
0.87662625
1.0072916
0.8725633
0.94759583
0.97731924
0.93356764
1.0149193
0.90721065
0.83308864
0.9776565
0.94913554
1.0797946
1.0308578
1.0283731
0.87656784
0.96947163
0.9867852
0.91227233
1.0547657
0.9494115
0.93632185
1.0074679
0.9406402
1.0021065
0.9574135
1.0582819
0.90102553
0.8612483
0.8732773
1.0035572
1.0370827
1.0262829
0.9147707
0.9387486
0.8109397
0.88027096
0.8887434
0.8982924
0.9217342
0.85414636
0.9353568
0.82648796
0.8149446
0.86301774
0.91428244
0.84305155
0.8336781
0.9422687
0.90658426
0.9585048
0.96394783
0.8720312
0.91394806
0.9271345
0.97380555
0.86823106
1.0267651
0.8232573
0.9675496
0.90225565
0.90854806
0.9475596
0.9981155
0.81795716
1.047504
1.0363476
0.939926
0.88569796
0.84531
0.8756665
1.1290787
0.8749254
1.099146
1.0472636
0.9149426
0.8226832
0.86264986
0.80004233
0.92377317
0.85640526
0.89636934
1.1131742
0.7937941
0.9646704
0.9624891
0.8074991
1.0129882
0.96866286
0.9510198
0.9236514
1.0574764
0.8324065
0.9873909
1.0130885
0.9781609
0.9709973
0.99429464
0.92350554
0.82124674
0.93901205
0.8608451
0.7702862
0.9899243
1.0576535
0.85821736
0.9497063
0.85108864
0.8584394
1.0380093
0.9394828
0.7994052
0.85684144
0.90190464
0.9073409
0.9168018
0.95019937
0.8504255
0.84892803
0.91918564
0.9039277
0.8934254
0.8941728
0.9897101
0.8283759
0.86934257
0.90499496
0.9541625
0.9530289
1.0040232
0.86725026
0.9726051
0.87318313
1.0723975
0.85006434
1.0481714
0.85047805
1.1099913
0.7920111
0.9772357
1.0452245
0.9574709
0.9706766
0.9367341
1.1775036
1.0861328
0.83999676
0.91032755
1.0407088
1.027886
0.99780893
0.8941164
1.0397953
0.8548864
0.9154529
0.9249594
1.0673339
1.0759746
0.8861567
0.97999346
0.8778454
0.9556947
0.82842207
0.8373283
0.86371917
0.829671
1.0487417
0.92748725
1.0534573
1.059355
0.9334905
0.7822625
0.89276206
0.8865117
0.93488526
1.0723741
0.9233422
0.8670134
0.87136114
0.94123054
1.0656153
1.0056394
1.0052867
0.8599236
0.94522285
0.8769579
0.94469094
0.871738
0.8844501
0.9604198
0.9727863
0.8019444
0.822048
0.9270106
1.1051333
1.0314829
1.0679824
0.8021846
0.9358915
1.0480045
0.93278766
0.9130046
0.8340405
0.91572654
1.0210437
0.77744794
0.89791864
0.93406534
0.9693038
1.068396
1.0708648
0.912701
0.87723994
1.079627
0.9621851
0.9766122
0.9682689
1.0665618
0.99937344
0.8665962
0.8337983
0.86963725
0.80942327
0.9084358
1.0050131
0.8402045
0.87857556
0.8027329
0.90450394
0.9905084
0.9524518
1.059173
0.84277046
1.063684
0.9384771
1.0175612
0.87727034
0.9700408
0.8888595
1.0266685
0.97589946
0.9125271
0.8892669
0.86057484
1.1402416
0.8724445
0.9016808
0.87829256
1.0092179
1.021764
0.8797859
0.9104873
0.9588382
0.8002516
1.0394415
0.873682
0.8720864
0.9815798
1.0075653
0.82284355
0.95494246
0.8674176
0.97465765
1.0241278
0.91505873
0.8942435
0.840933
0.8329372
1.131146
1.0135667
0.9004111
0.88561314
0.83498263
0.8613523
0.88057333
1.063069
0.8728826
0.9278008
1.0552233
0.7794321
0.9795859
0.87574077
1.0844272
0.8928629
0.8793118
1.1485193
1.0500513
0.98087525
0.86826307
0.9056182
1.011973
0.84041905
0.9997736
0.9909509
1.0210072
1.0565993
0.9409435
0.85418856
0.99445754
1.0331484
0.8290937
0.8696841
0.90926033
1.1058519
1.0384771
0.97298086
0.9298771
0.86988515
0.8901825
0.833762
1.0447034
0.88757193
0.8003961
1.0858872
0.790636
0.93819165
0.8083303
1.0205082
0.95937896
0.96230376
0.8530469
0.79899335
0.92630124
0.88129866
1.0086148
0.79545707
0.9310052
1.001774
0.8882135
0.8874717
1.0045873
0.90789855
0.98148143
0.87347823
0.98339343
0.94784635
0.90310276
0.84177804
0.95036626
0.8956377
0.81405723
0.8920542
0.89916897
0.83367217
0.88130903
0.8613232
0.9479524
0.9647958
1.0343764
0.9202416
0.99857926
0.97185457
0.8994919
0.9534259
1.004883
0.86743736
0.89552987
0.8805702
1.0408546
0.8702217
1.113737
1.0900792
0.87013054
1.053866
0.9962715
1.152665
0.98777467
0.96258914
1.0062075
0.8584262
0.9542902
1.0700325
1.0390087
0.79656625
0.8826558
1.0459136
0.91588485
0.83885175
0.91108346
0.86271673
1.0585474
1.0177174
0.9006388
0.9779825
0.9056386
0.8899083
0.8839495
1.1119169
0.9692461
1.010219
1.1200335
0.87615395
0.8967999
0.8345903
0.78878295
0.9426081
0.9979465
0.8343855
0.8810092
0.8581139
0.866675
0.8413536
0.7972889
1.1293076
1.0958074
0.96840984
1.0484145
1.027872
0.84203804
1.0132308
0.8538052
0.85533863
1.0065383
1.0348992
0.89770746
0.9153279
0.85864866
0.91246897
0.8697982
1.0749645
0.9418645
1.0427991
0.8448072
0.8658223
0.87134296
1.0321658
1.0054264
1.045307
0.8872671
0.8238739
0.96686924
1.0232736
1.0342293
0.8406255
0.83071876
1.0725131
0.8772084
0.9447816
0.9687354
0.9050623
0.93649894
0.9228696
1.1008657
0.7752402
0.9209397
0.9427353
0.7640805
0.9551387
1.0327989
0.93383396
1.042056
0.9481534
0.9051709
1.0134909
1.0246345
1.0031596
0.8967902
0.8883107
1.0474743
0.7875152
0.82564735
1.1154704
1.0615656
0.99296767
0.975912
0.935353
0.9287257
0.94016767
0.921599
0.8219534
1.0147685
0.9193247
0.9863664
0.90865546
1.0920949
0.99417436
0.96320856
1.0157418
0.8542405
0.88000715
1.0855517
1.0102264
0.95479715
0.91813445
0.94728625
1.0353727
1.1669348
1.0064617
0.9702748
1.0776552
0.98146313
0.95650804
1.0966712
0.8527658
0.9709234
0.99599314
0.9120511
0.8730459
0.9032088
0.9088461
1.0440154
0.7575069
0.97780067
0.8958259
0.94436234
1.094043
0.85023385
0.8783497
0.9048369
1.1573129
1.0274588
0.95328885
0.9921211
0.9482619
0.83735263
0.9840226
0.83772814
0.808486
1.1297127
0.9519329
1.0399803
0.8706025
0.8189861
0.7915893
0.8912563
0.82707775
0.8059652
0.9111639
0.8966527
0.9596596
0.88751066
0.86997724
1.1391721
0.9881312
0.83628726
0.90550375
0.8590481
0.8462028
1.0924933
0.9185154
1.0482657
1.0373969
0.9139793
0.80468535
1.1666447
0.9230994
0.9088322
0.8896539
0.9691277
0.8752743
1.0333598
1.0302454
0.90851057
0.9402485
0.92262715
0.90805006
1.0076133
0.85040236
1.0449481
0.82812154
0.863188
0.8830892
1.0147158
0.99702805
0.83348
1.0946221
0.85816085
1.0658519
0.8935162
0.87228936
0.90600127
0.95722055
0.9268644
0.881402
0.98651075
0.92399216
0.9441731
0.9611846
0.9026195
0.81910264
1.0138239
1.0280943
0.84984577
1.0745722
1.0386956
0.90733206
0.84602106
0.99054205
0.8731873
0.82318795
0.9024477
1.0364283
0.9226676
0.893168
0.91754794
1.0599196
0.89569825
1.0372808
0.9750495
0.8278587
0.9933716
1.0652883
1.0206739
0.9365189
0.8670948
0.91687024
0.8957249
0.93715274
1.1082273
0.8195413
0.8720552
0.92829204
0.97612077
0.92616934
0.881647
0.8612865
0.9493667
0.82082564
0.83579886
0.79904366
0.78011537
0.89942086
1.0078646
0.96577525
0.92276454
1.0073556
1.0571886
0.93763644
0.9330605
0.83516
0.99262774
1.0370353
0.86853886
0.863454
0.8495131
1.0868498
0.8327911
0.8795038
1.1496055
0.92498726
0.9163538
0.8196798
0.8528503
0.916401
0.8374747
0.864301
1.0752411
0.9419539
0.9673786
0.94588804
0.9387171
0.82899135
1.0497234
0.86574256
0.7899739
0.9426847
0.9288672
1.0149612
0.8216864
1.0040927
0.87508845
0.9261223
0.8383766
0.8867949
0.94075215
0.8759812
0.8392551
0.9526436
0.87628704
1.1084018
0.84894085
1.0991408
0.89252764
0.9493208
1.0362989
0.99427533
0.88242114
0.9636514
0.79172087
0.94409394
0.8250153
0.8929223
0.89507484
0.9322574
1.0870001
1.0611471
1.0224264
0.9569105
0.9269461
1.0440013
0.848122
0.919443
0.91656315
0.8821621
0.89635503
0.8660587
0.88218856
1.0808219
1.0337384
0.84213877
1.0353087
1.0614364
1.1370652
0.9165064
0.92268735
1.0517741
0.8608673
0.880501
0.88982236
0.9077552
0.92896265
1.0125011
0.9874472
0.8798906
1.017716
0.92315507
1.0221028
1.1388447
0.9122776
0.88299924
0.82589877
0.8408221
0.7948376
0.99498093
0.9730822
0.94455683
1.0694577
1.0800236
1.0493141
0.90065867
0.9451184
0.8286892
1.0182024
1.0115371
1.0734411
0.87687993
0.8514466
0.9827734
0.8332794
0.8885406
0.86166465
0.90854776
0.9729268
0.92703426
0.93333054
1.0450063
0.86443937
0.9270896
0.9314703
0.9877122
1.0007073
1.0027032
0.8604176
0.9241288
0.9044343
0.9805336
1.0181509
0.95941776
0.8298219
0.85394186
1.0094802
1.1398017
0.9286084
0.9567883
0.91930056
0.97340906
1.0028116
0.8922445
1.0468832
1.0183393
1.0229316
0.9371288
0.82599044
0.99769914
0.81059325
0.89602035
0.9467239
1.0364646
1.0620441
0.86643535
1.0263112
0.8549944
0.8991216
1.0636266
0.83242863
0.9331596
1.0699195
1.003408
0.9641429
0.96445763
1.0870274
0.8965166
0.9601171
1.0143287
0.87121975
1.0171579
0.89868367
0.80374944
0.854364
0.8610487
0.840814
0.89258444
0.9981848
0.7976606
0.9904748
0.976601
1.0182835
0.92646563
0.98002535
1.0905715
0.899469
0.8632378
0.96027493
1.054703
0.8254133
0.8290374
1.0677985
0.91512036
0.8912904
1.0457416
0.81921935
0.89244604
1.0577451
0.9928962
0.9598578
1.0712678
0.82208043
0.8898604
0.9702972
0.96476704
0.88707316
0.993024
0.97013277
0.9255621
1.0407616
0.993883
1.0422926
0.9376184
0.98917687
0.7941474
1.0280522
0.7989749
0.9810491
0.9265929
0.92447495
0.9572873
0.96773696
0.9387785
0.8743745
0.83222985
0.8626578
0.9680685
1.0623626
0.9474827
0.9044286
1.2077066
0.9532317
0.7449839
0.9689489
0.9600376
0.8918297
0.9219523
1.0200213
1.0807892
0.8329669
1.0223743
0.9824283
1.0190021
0.95522845
1.0139943
0.8940029
0.9385683
0.9776113
0.9190631
0.8991426
1.01499
0.7889655
0.96237165
0.97514725
0.8557891
0.8735951
0.83140135
1.038277
0.95019364
0.8582991
0.88378894
1.0746125
1.026955
1.0456151
0.8851179
1.0315893
0.85077155
0.9868884
0.92277193
0.91068923
0.8187718
0.8290008
0.9549422
1.0543872
1.08703
0.98071456
0.90263355
0.9946959
0.81225026
1.0282931
0.91231745
0.8945043
0.85332835
0.9514729
0.9080104
1.0303546
0.90001583
1.0197748
0.9693762
0.8089541
1.0547305
0.7971134
1.0280339
0.9461789
0.9682379
0.85975057
0.90490973
1.0510409
1.0229969
0.9326741
0.89159894
0.9363599
0.85746413
1.0409604
0.8210535
0.91845995
0.8686811
0.96568936
0.9216213
0.9228922
0.8411808
0.8899396
0.8090087
0.92716074
0.9554342
1.0776211
0.8965909
0.82165617
0.8233924
0.9275494
1.0833725
0.9999007
0.85949475
0.8757688
0.8594216
0.9221822
0.86940163
0.8820836
0.8787368
0.8321886
1.0515035
1.0172362
0.9698497
1.0890176
0.97799075
1.0410508
0.97553396
0.8813746
0.9463936
1.0302095
0.9000511
0.8397619
0.8602991
0.9305136
1.1312445
1.0457213
0.9230405
0.81854886
0.9017345
0.93964344
0.9617835
0.9415765
0.8954873
1.0156277
0.922885
1.0069338
0.8667445
0.97760385
0.8361639
0.93980783
0.9636226
0.91064924
0.8913541
0.95116615
1.0824265
0.9046413
1.0032606
1.1028866
0.92497444
0.91828334
0.84745646
0.96253335
0.9046321
0.873273
1.0412364
0.82888794
0.8559475
0.989722
1.0035247
0.81828666
0.99584645
0.91740745
0.9164379
1.013213
0.9536865
0.9087522
0.84049726
1.0638058
0.98706686
0.82036674
1.0492362
1.0345063
0.7702304
0.8320135
0.97199976
0.88316756
1.1038655
1.0028832
0.9648707
0.8347492
0.88414454
1.0074204
0.92596054
1.0689918
0.95854545
1.0914834
0.95946944
1.0719328
0.80866235
0.8497276
1.0409099
0.77639997
1.0165664
0.93724966
1.0296373
1.0147262
1.0488952
0.9213816
0.9824797
0.9695151
1.0133699
0.9176605
0.98945814
0.855301
1.0944624
0.9331296
0.89904916
0.94523287
1.0001732
1.0467765
0.9677164
0.92843866
1.1314768
0.92745566
0.9123142
0.89714175
0.939511
1.0417871
0.85009074
1.0107826
1.0291928
0.86079705
0.9980342
0.99747825
0.9469516
1.1184046
1.0546273
0.933316
0.9077505
0.9304416
1.0498748
0.8541566
0.75998324
0.9518746
0.96645856
0.8432953
0.94024813
0.91833067
0.9435317
0.8367348
0.9298532
1.0210981
0.79883987
1.081716
0.9799235
0.9924395
0.9341124
0.9339578
0.9202833
1.080339
0.8066058
0.9042175
0.99684626
0.91057354
0.94295955
0.8605515
0.8868606
0.9215875
0.9470298
0.90520656
0.93499434
0.92548466
0.8722198
0.8914542
1.0950552
0.90242785
1.0758018
0.8723961
0.9399234
1.0706153
1.1051947
0.91406196
0.90819967
0.926537
0.940392
1.1273519
1.0800191
1.0586739
1.0525899
0.9599055
0.9938659
0.9307962
1.1454574
0.9098653
0.9246726
0.8302752
1.0100582
0.9817207
0.9153969
1.0811261
1.1105227
0.86877096
0.87477595
1.048185
0.9604598
1.0093538
0.9759536
1.0612942
1.0176373
0.9474679
0.9755496
1.0584906
0.7776878
0.9993708
0.8011312
0.86436677
0.95870805
1.033782
0.9951016
0.82768863
0.9273809
0.91378576
0.90176624
1.0309403
0.8752005
0.99768615
0.9046706
0.94968617
0.9775874
0.8761003
0.78789854
0.95918703
0.99122775
1.0679942
0.97714007
0.89972854
0.9677284
0.9353311
0.86897874
1.1325735
0.8190608
0.85864764
1.0444326
0.89964813
1.0338955
0.8403653
1.2228125
1.0800408
0.9561206
0.88722014
1.0309324
0.9968921
0.81843686
0.9158038
0.8476647
0.8662546
0.9621671
1.0717311
0.9282503
0.9708174
0.888805
0.8846499
0.8645537
0.89453626
0.8509947
0.88380307
0.9091642
0.93043476
0.93052137
0.8905796
1.0934476
0.8122983
0.78024626
0.9749125
0.9745728
1.0054847
1.0508348
1.009203
0.9632399
0.8100766
0.8556055
0.89421237
1.0007664
0.944785
0.9262008
0.9721662
1.0144883
1.0287142
0.97520053
0.8556017
0.81843925
0.8571761
1.0242429
0.9611991
1.0238929
0.9299278
0.8604902
0.87417
0.8564929
1.0090561
0.86707944
0.97600335
0.87873197
1.0866774
0.9542242
0.83601034
1.0089715
0.8305377
0.9505696
0.8020258
0.90401304
0.89104784
1.0554376
0.95729834
0.90759015
0.955842
1.0109432
0.90789276
1.0876101
1.0695947
0.9477305
0.9726633
1.0942237
0.8907416
1.0547189
0.8720597
0.9996542
1.0545006
0.8577771
0.9395983
0.88341296
1.0810302
1.1036899
1.0377972
0.98916215
0.89640486
0.8518782
0.91713035
0.84801424
1.0342647
0.9957023
1.0789453
1.0037364
0.9413687
0.9417565
0.8222307
1.0658777
0.8220203
0.9605729
1.0575869
0.93703425
0.85985076
0.76855254
1.041514
0.95380414
1.0147932
1.0460285
0.8606993
1.0421108
1.0267
0.94790703
0.82272124
0.91773164
0.9933094
0.8201059
0.8712832
1.0592458
1.027594
0.92597294
1.0130657
1.0476083
0.8671887
1.1614476
0.9919045
0.8843672
0.9454099
0.919597
0.91369593
1.0514861
0.9230126
1.0162857
0.93686855
0.87683874
0.9132625
1.040499
1.0501844
0.94502974
0.9744336
0.9060695
0.97618115
0.9153713
0.8235103
0.84687483
0.7845187
0.95633507
0.90890616
0.9628774
0.8669779
0.94223994
0.9371475
0.82963717
1.020767
0.8766825
0.9090197
0.92755574
0.82424897
0.91009617
0.9464588
0.81993645
1.1063356
1.0234404
0.8480878
1.0630004
0.9066819
1.0129586
0.9811626
0.81541395
1.0214727
0.9502595
0.78147554
1.1443641
0.9177089
1.0211545
0.9110868
0.9442961
0.97249484
0.91640085
0.9105626
0.8954679
1.0489354
0.91542566
0.9461304
0.9370368
0.82407296
0.97251606
0.9991568
0.82388294
0.79609966
1.0104918
0.9584699
1.0366242
0.88256764
0.93805826
0.9397217
1.0569042
0.94310915
0.84040725
0.8629863
0.8121735
0.8312738
1.0472142
1.0047253
1.0367243
0.8875699
0.9258635
0.7676822
0.8655965
1.043485
0.80034727
0.95963395
0.8890276
0.84481156
0.9557961
1.0090876
0.8775729
1.0950104
0.82541215
1.1606199
0.8412963
0.9238507
0.9267878
0.8432956
1.0461417
0.94721293
0.822031
0.87054276
1.0503299
0.92019427
0.9048232
1.0854782
0.8542013
1.1070118
0.90382063
1.0170089
0.8315069
0.9596373
0.83568263
0.9318261
0.8623721
0.934129
0.92306936
0.888142
0.87638867
0.97533894
0.8309111
0.8194808
0.8950304
0.88825727
0.92247665
0.8496343
0.9586923
0.93109566
0.98906815
1.0238513
0.8811228
1.0207593
0.79999006
0.9310566
1.0317782
0.9260354
1.1513305
0.9449244
0.9623412
0.872387
0.8541956
0.85914433
0.8652253
1.0173159
1.1828816
0.84439284
0.8851406
0.9215938
0.83848035
1.0358818
0.8951113
0.8489519
0.7939507
0.9694024
0.8510777
1.0850478
0.8543149
1.027631
1.1131192
0.8207811
1.0590564
0.88391185
0.8371452
0.8978454
0.9424466
0.8371916
0.85925424
0.9716021
0.8699141
0.8179848
0.8710916
0.7929493
1.0244342
0.9919138
0.8295912
1.117259
0.9371259
0.9155297
0.88619626
0.96521175
0.98458517
0.9470372
0.9325879
0.97542834
0.8755084
1.0031404
0.9157983
0.932512
0.86161673
0.9702554
0.90056086
0.8160384
0.94410115
0.8913797
0.88006943
0.8997284
0.93415797
0.7569697
0.86495817
0.8627337
0.91857016
0.9357334
0.9322194
1.0430022
1.0771452
0.84911585
0.9279053
1.0696695
0.95014596
0.8880006
0.932038
0.94880253
0.84510845
1.1050183
0.9775059
0.8211721
0.8374701
0.8502152
0.7717117
0.92016125
0.9908761
0.8387809
1.0516025
1.0261666
1.0842011
0.96017724
0.9306431
0.7734474
0.8624395
0.83089423
0.885847
0.7808732
0.97525215
0.93150353
0.953267
0.90178335
0.8075638
1.1005166
0.8167747
1.0326277
0.97198814
1.0276285
1.1033579
0.99081045
0.9824449
1.0436859
0.9417916
0.9648673
0.9357763
0.8500854
1.0359088
1.0274454
0.83320165
0.85925156
0.99217093
0.9093651
0.9119811
0.8095837
0.77334094
0.93449014
0.99248797
1.0281028
0.86895263
1.0265455
0.8486006
0.94721794
1.0795622
0.95630276
0.9091389
0.8959651
0.8625709
1.0496562
0.9146161
1.0043138
1.0570818
0.949579
1.0321872
1.0063175
1.0727031
1.0434625
0.9560376
0.9039433
0.8899139
1.0317154
0.9738114
0.90901047
1.0188328
0.898926
1.018931
0.894045
0.8367009
0.8456277
0.84353524
0.8859898
1.108568
0.8882295
0.8461487
0.9111073
0.9033233
1.0854626
0.9742442
0.91171265
0.9290665
0.8895606
1.0056115
0.9352416
0.89618975
0.8430356
0.81659806
0.8845943
1.1267904
0.90151453
0.8922349
0.87727356
1.1221006
1.0122098
0.8664191
0.8437276
0.82403874
0.8323477
0.9833205
0.90378654
0.9393908
0.8634473
0.83869046
0.8213305
0.93295574
0.9638859
0.92915857
0.98739845
0.99841225
0.9896469
0.7807635
1.077912
0.8306043
0.7640282
0.98529994
0.87627935
0.93065524
1.0124147
0.7921654
0.8903465
0.8104998
0.9355401
0.99341595
0.9758233
1.056302
0.93054444
0.8287661
1.00694
0.9104348
1.0380025
0.8966692
0.8118398
0.8968108
0.9068153
0.8524303
0.9149284
1.0126098
0.8764032
0.95665795
0.93232584
1.0234555
1.0537363
0.89902425
0.9213802
0.9244915
0.8413195
0.99193144
0.92348194
1.0058612
0.8263054
0.8904861
0.8986223
0.97081804
0.90904844
1.0121253
0.8857188
0.93646383
0.9497081
1.0088875
0.9852779
0.83593297
0.88153577
1.0167687
1.0904609
1.0552344
0.9759472
0.94397354
0.92830294
1.0479501
0.8325671
0.81477803
0.9585259
0.9428363
0.89664805
0.938011
0.7757799
0.9215076
0.7995317
0.84703064
1.068539
0.99883807
0.842792
1.0455844
0.9640309
0.93561405
0.87641346
0.88227713
0.85671747
1.0486888
0.9190472
0.9094132
1.089363
0.8936897
0.94493395
0.8180385
1.0410751
0.9621262
0.9397382
0.88620174
1.0337875
0.93189764
0.89549005
0.9065131
0.8615606
0.85767436
0.9392916
0.832589
0.84898263
0.9106252
0.88188696
1.1336269
0.99294126
0.96044725
0.8103374
1.0750427
0.9930438
1.0249767
0.89920866
0.9627731
1.1361824
0.9659836
1.066367
1.0954679
0.97251374
0.82218516
0.920825
0.89397657
1.0462623
0.99650884
1.0937623
1.0909506
0.93714154
0.8387921
0.9327547
0.78092426
0.917965
0.91457164
0.9547889
0.92477256
0.86829185
1.0052841
0.9356377
0.97679543
0.93911386
0.95399964
1.0524143
1.0570682
0.77603674
0.8855103
0.82279587
0.88755643
0.8942053
0.94946873
0.8912189
0.94723153
1.0293984
0.80900943
1.0228626
0.88900363
0.87055725
1.0098933
1.0002887
0.83230263
0.94136083
1.1102486
1.0583353
1.0521082
0.91288364
0.8991686
1.0390387
0.85912156
1.0204563
0.8106539
0.91064155
0.7993686
0.89830106
0.9475851
0.9526657
0.9251816
0.997819
1.1072675
0.9449254
0.8880379
0.8656802
0.9494083
0.8547689
0.90036196
1.014322
0.91417336
0.97941214
0.98953897
0.90761304
0.8218423
1.053618
0.8324766
1.001779
1.125143
0.887771
0.8586713
0.8230711
0.9462643
0.80748594
0.8721886
0.96830004
0.90585136
0.9924427
0.8552444
0.91771203
1.0311209
0.91457635
0.9791821
0.90093684
1.0264299
0.88809633
0.86742
0.94764525
1.038184
0.92866874
1.07256
0.9913398
0.98178536
1.0432012
0.86091805
1.0157931
1.019256
0.8835981
0.8513335
0.91033405
0.9647702
0.93076617
0.8289988
0.82133734
0.94431263
0.90507483
1.115485
0.9128556
0.8598217
0.95498
0.9106216
1.1100365
0.88064754
0.8320557
0.9104163
0.9342727
0.9926263
0.87884927
0.8820294
0.9414785
0.88476783
0.9353894
0.8738476
0.94216114
0.91851676
1.0368747
1.0412147
1.0493305
0.8432349
1.0472653
1.0106606
0.897215
1.0326949
0.89832497
0.8560405
1.1095638
0.8700547
0.9839603
1.1491115
0.79673064
0.94269335
0.9782045
0.99214613
1.0611529
0.9452902
0.9429742
1.0344317
1.0780537
0.86581045
0.8716374
1.0698066
0.7698619
1.1294115
0.84877354
0.8039439
0.9851339
0.9035328
0.9930278
0.8855099
0.8530668
0.9890499
0.9299883
0.8439958
0.916474
0.8344065
0.8775685
0.77547324
1.0834198
0.87378097
0.99203694
0.9878195
0.9879861
1.0032121
1.0261885
0.9223077
0.8842703
0.87403315
1.0341647
0.92571133
0.82107985
0.91930234
0.9039526
0.9574594
0.99036825
0.8029713
1.0776683
1.0792463
0.9566781
0.897934
0.85563993
0.9791292
0.9077939
1.0336034
1.0584669
0.88196623
1.0357816
1.0900066
0.85039425
1.0419434
0.98806286
0.90804505
0.8723371
1.0528033
0.938102
1.0390927
0.98802066
0.832386
0.8821854
1.0317959
0.8680612
0.9773755
1.0299407
0.83883417
0.8459722
1.0565381
0.9996117
0.78076446
0.88054556
1.033228
0.9920538
1.0067422
1.0296079
0.9726881
1.0121945
1.0106859
1.0210469
0.9323946
1.101469
0.876413
0.91461444
1.0725207
0.8907952
0.9700382
1.0018594
0.93213224
1.1101409
0.9403167
1.120749
0.908526
0.9396987
0.8888185
0.87630683
0.8370793
0.8402939
0.99271894
0.96035755
0.8313615
1.0720259
0.9609798
0.99768114
0.8760516
0.98812485
0.8895016
1.0210464
1.1338366
0.97518003
0.868412
1.1773918
0.9308312
1.0098556
0.936953
1.0325828
0.98934126
0.912682
0.9795566
0.8657757
0.95868826
0.97994006
1.0872947
0.9176623
0.9616466
0.8511632
1.0897129
0.9506792
0.96654075
1.048138
0.8479104
0.94579494
1.0367347
0.9402187
1.0447311
0.8471555
0.8938315
1.0163229
1.0221857
0.79204744
0.95911515
0.9099022
1.0176718
0.9032012
1.0214489
0.79903334
0.8378589
1.1185622
1.0966533
0.9722469
1.0344617
0.8487073
0.96708745
0.80881274
0.90244913
1.0226605
0.9059212
0.8572149
0.9575367
0.98224914
0.8567889
0.8930923
0.9335904
0.98612976
0.9961226
1.0051632
1.0916636
1.1245933
0.8558401
1.0162894
1.0043998
0.9306145
0.9062923
0.851206
0.83187026
1.0381984
0.90882003
1.092557
0.8680303
0.9309976
0.91838914
1.1299382
0.82770026
1.068536
1.0589614
0.80083805
0.8378688
0.85533524
0.87015116
1.0613618
0.91881096
0.8932992
0.97834724
1.0152459
0.96041346
0.83278215
0.85557497
1.0227554
0.8252398
1.130153
1.0284317
1.0233004
0.92724156
0.981725
0.9926255
0.86933124
0.9216287
0.98150915
0.8822441
0.8839535
1.0383619
0.8566861
1.0825297
1.0308278
1.104232
0.82859015
1.0220611
0.93505776
0.8976662
0.9306376
0.97571635
0.8642046
0.92023045
0.88085806
0.90521514
1.0070581
0.86284536
0.92267823
1.0109535
0.8755486
1.0393487
0.936377
0.86949396
0.87072885
0.8678771
0.83414733
0.8990619
0.8339926
0.91171396
0.8409996
0.8991902
1.1517199
0.8584504
0.85606885
0.92589766
1.0046773
0.8745301
0.8594526
1.0775702
0.815256
0.9869728
0.92989135
0.84521854
1.0973464
1.059681
1.0994414
0.9953469
0.9197507
0.9741099
0.9356278
1.0028327
0.90488845
0.83874565
1.0785247
0.84996504
0.8352632
0.8359337
1.070016
1.0277803
0.97988
0.8572409
0.8937452
1.0537299
0.8912545
0.9619552
1.0308454
0.8782859
0.8128925
1.0280038
0.8734327
1.0322031
0.9225102
0.9839988
0.79846203
1.0817959
0.89465505
1.0864854
1.0195128
0.8032949
0.9036454
0.90221
0.833051
0.98757267
0.83809054
0.8344475
0.90183616
1.0637438
1.0464344
0.9633797
0.94168675
0.94123363
0.8181013
1.0662825
0.8436719
1.1343094
0.97847414
1.0040587
0.85145324
0.9474454
1.0026478
1.0102051
1.0298617
0.8790213
0.97451395
0.92076755
0.795058
0.9533001
1.0661095
0.9875094
1.0762419
0.8922576
1.0563878
1.0059799
0.9273386
0.911914
1.0667609
0.9303092
1.0320535
1.0106581
0.9327029
1.0538434
0.9653549
0.9293636
0.927374
0.9477183
0.93510616
1.1525108
0.9703295
0.9436836
0.8729851
0.9843678
0.9248922
0.91132325
1.0095005
1.1365659
0.8020761
1.0038631
0.8085383
1.0058689
1.0419775
1.0511011
0.8198158
1.0835936
0.9561521
1.0391052
0.91042185
0.8120672
0.9418333
1.1346445
0.9934364
0.99558234
0.9415117
0.9082986
0.9577606
1.0809574
0.77526736
0.8802358
0.9560306
0.79707855
0.9605333
0.9066024
1.0291736
1.0953623
0.97498983
1.0884296
0.9692644
0.89304745
0.9476244
1.1586553
0.910228
0.9806607
0.9856328
0.82725024
0.84456134
0.92191553
0.8679459
1.0303268
0.9689329
1.0409191
0.84125805
1.062366
0.94258213
1.0812757
0.86905813
