0.86689496
1.0280366
1.0711129
1.1799605
0.9328502
0.9475382
1.1026806
1.1737462
0.946416
0.9075517
1.1091774
1.0933797
1.1290591
0.9373244
0.9698801
1.0118045
1.2200233
0.88997006
1.1349115
0.84381366
1.0873191
1.1899676
1.0104799
1.0040764
0.9565204
1.1192268
1.0471288
1.0719614
1.076384
0.92031187
1.1349988
1.0453631
1.1141372
0.94102454
1.1190073
0.85892814
1.0808934
0.9823329
1.0147986
0.8752972
0.9099672
1.1133349
1.0946476
1.0563478
0.8264365
1.0046023
1.0617502
0.812139
0.9525002
1.0070628
1.0825151
0.9576255
0.9565591
0.8604526
0.9317868
1.1146367
1.0498931
0.9953383
1.0632849
1.0041636
1.1102269
1.0626749
1.0759703
1.0620146
1.0693289
1.0988414
1.0748072
0.9906888
1.1059899
1.1471068
0.8050731
1.0872586
0.930084
1.1610321
1.036793
0.9047904
1.0260522
1.0513004
0.9646636
1.0377419
1.1234162
1.1571221
1.0697771
1.2400393
1.1376762
1.0098591
1.1079303
1.131063
1.0521307
0.96652925
1.092627
1.0202401
0.93349946
1.1204085
0.9909464
1.0806015
1.0503349
0.9618936
1.1599169
1.2080731
1.0077426
0.8552171
1.1696262
1.0434742
1.120984
0.96903646
1.1790862
0.916158
0.9264891
0.9779405
0.9769497
1.1493864
1.0151902
0.9010339
0.9684716
0.9844862
1.0447099
1.0955459
1.0694323
0.8976046
0.9180691
1.1470006
1.0482991
1.1542919
1.2434399
1.1403365
0.99325764
1.0466107
1.0792297
0.8802463
0.93118995
0.99199855
1.1378947
0.990944
1.2102338
0.90399134
1.1341548
0.9063058
1.0675019
1.0937771
1.0406553
0.98746395
1.1793773
1.0206382
1.0099277
1.1352105
0.96294415
1.1189953
1.146329
1.158793
0.97190976
1.1984739
0.99670875
1.0589467
1.0818701
1.1882591
1.0825803
1.1307065
1.2027364
0.9039775
1.066899
1.1643014
1.0934924
1.1223748
1.123785
1.022202
1.0888957
0.9584389
1.1839194
1.1682186
1.005002
1.0017867
0.93804306
0.9953111
1.0342734
0.9468924
1.0394155
1.2006176
0.9546063
1.0470909
0.9783566
0.9550669
1.0324321
1.1853144
0.9577786
0.99153936
1.017689
0.9714987
1.1177154
1.0260127
1.0963671
1.0162551
1.0004754
1.0374415
1.1156136
1.0775224
1.1548725
1.2816596
1.051142
1.1312606
0.9966599
0.93916273
0.8433693
0.82051027
0.96366954
0.9045002
1.112447
1.102978
1.0040945
1.0642406
1.1316875
0.77664137
1.0324363
1.0930288
0.979828
1.1327702
0.9381329
1.1485996
0.9691361
1.0840099
1.061956
1.0516987
1.1476169
1.1669595
0.98082304
1.0409858
1.084435
0.9886297
1.1132722
1.036739
1.0738373
0.93549156
1.1104887
1.1583979
0.9821763
0.95779365
0.94676256
1.0110046
1.1701515
0.9545534
1.0357077
1.1317939
0.8869517
0.91685474
0.8517811
1.0025783
1.1743642
0.8741383
1.0467565
1.0454801
0.98119575
0.94127357
0.9155904
1.0917186
0.9798515
1.0943241
1.030046
1.1416483
1.2283267
1.0853847
1.0773612
1.1276492
0.90090233
0.8976047
1.1532693
0.9338496
0.9795158
0.8826656
1.0958416
1.0313377
1.0041028
0.85972226
1.0647601
1.1323092
1.1858486
1.0254611
1.1552427
1.0731578
0.8895572
0.9328649
1.235245
1.1575379
0.7723193
1.0687797
1.0685976
0.9221841
1.1638083
1.1751255
1.0579919
1.1748611
1.0416839
0.90268266
0.9654902
1.1964078
0.955516
1.0660989
0.9744358
1.1284702
1.1901712
1.0219467
0.8606713
1.1952798
1.0873988
0.9965585
1.1740246
0.8994235
1.0077492
1.0882347
0.8813419
0.8714749
0.9984491
0.9167813
1.1490233
1.022469
0.97463965
1.0775149
0.97922766
1.0773145
1.1376963
1.1936785
1.0490787
0.9569321
1.080057
0.9877311
0.9563269
0.89169556
0.9730538
0.94435966
1.033974
1.0000068
1.209032
1.1460445
1.1485159
0.8689493
0.9333824
0.9984387
0.9878508
1.0978454
1.0503213
1.0082644
1.0071516
1.0720522
1.0338598
1.1267107
0.83407223
1.1019318
1.0579545
1.1028547
1.1078038
0.9896736
1.0281717
0.88928765
1.0730886
1.142937
0.92649436
1.0420256
1.0218915
1.0065682
1.0858238
1.1365062
1.080862
1.040294
0.78358334
1.1456108
1.042737
1.0452477
0.93953264
0.98022085
1.325906
1.0087062
1.006927
1.1199884
1.1034758
1.0961618
1.1916437
1.0214427
1.1587617
0.96254027
0.9740478
0.89917946
1.0918432
1.0508258
1.1051693
0.9590034
1.0005546
0.9409702
0.8145351
1.0016652
1.1903436
1.140568
0.8356682
0.9810677
1.1736083
0.9203675
1.0314877
1.0030613
1.1675966
1.0949341
1.1085587
0.8686081
0.89447224
1.0204206
1.0161293
0.9357474
1.1042557
1.0511732
0.9425148
1.052425
0.835275
1.0116986
1.0338233
0.8959638
1.0167108
1.0994414
0.92986774
0.9402541
0.882236
1.0979431
0.9797722
1.117678
1.0357933
0.9882999
0.9749783
1.0676974
1.1427797
1.1293824
1.2042439
1.0513091
1.069391
0.87833905
1.0188191
1.0749706
1.0163759
1.035177
1.1174322
1.0141457
1.0348332
1.0439198
0.9789383
1.1078401
1.0824976
0.95531166
1.0535228
0.94945574
1.0409598
1.010003
1.1815363
0.9850034
0.7877864
0.8832277
1.0057278
1.0643348
1.0357454
1.2361958
1.0977573
1.1293347
0.90838933
1.0388879
0.89339566
0.9482545
0.87701
1.1218405
1.0742843
1.0586792
1.0582597
0.8961513
1.1329527
0.9268166
1.0595621
1.0153973
1.240781
1.1475328
0.98680985
1.0487267
0.899264
1.0550146
1.0508754
1.0208906
0.9893152
1.1672244
0.93633497
0.9128822
0.90945584
1.0425777
1.0988233
0.90432596
1.0487576
0.99900293
0.97079766
1.1290281
1.1317797
1.0521051
0.95084554
1.0764592
1.062473
0.9404019
0.8857939
0.85613465
1.0190554
1.1272973
0.8719966
1.1514853
0.9576175
0.9879365
1.0602703
1.0696034
0.91523623
0.93361795
1.0288768
0.92384577
0.9502255
0.991318
1.1390004
0.9440646
1.0543566
0.87862104
1.141243
1.1541237
1.1106105
1.1669844
1.0189338
1.0334098
1.0726035
0.9823439
0.948184
1.026783
0.9022068
1.0342388
0.9449927
1.0594147
1.0161643
0.9530636
0.9687021
0.8251689
1.0288517
1.1143708
0.99618256
0.9171877
1.0257405
1.1544516
0.9947178
0.8903764
1.2095433
0.90804887
0.9486556
0.80894566
1.0370796
1.1161848
1.16209
1.1287578
1.1177574
1.0290333
0.8792875
1.0445905
0.86798805
0.82733226
0.88998854
0.8253088
1.056381
1.0099323
1.0241978
1.1978893
1.0716465
0.8503642
0.95516455
0.98835456
1.1277485
1.066249
0.9332117
1.004298
1.0480196
0.9070146
1.0133201
1.0736006
1.1074989
0.95509064
0.83000267
1.1290009
1.0988321
0.9084458
1.0952057
1.1448865
1.0486702
1.1802547
1.0143533
1.2407392
1.1567106
1.0101715
1.0503799
1.196736
1.1349974
1.0587709
1.0461814
1.1319351
1.1058035
0.9771067
0.84122586
1.0749724
0.95607126
0.8937936
0.96547055
0.9449806
0.8291073
1.1197412
1.0625942
1.2844514
0.99930114
0.9441393
1.1807722
0.94838464
1.0517818
0.957994
0.89968765
1.1309805
0.93865764
1.1704518
1.211252
1.012229
0.8942299
0.8618262
0.8846705
1.010472
1.1276996
1.0007632
1.107253
0.8662333
0.9858784
0.97825587
1.1773844
1.0484943
1.1144772
1.0913622
1.1362325
1.1787491
0.8974928
0.9175303
0.989856
0.89643645
0.8589364
1.1030319
0.99912083
0.8763325
0.8954653
1.156251
1.2025245
0.8541658
0.9553416
1.072155
1.1624696
1.0278375
1.0655484
0.9075959
1.0077295
0.9031329
0.9763344
1.1343386
1.0487123
1.0884961
1.1473706
1.0453658
0.8153544
0.94101214
1.1511796
1.0265833
1.1101977
1.055032
0.7997536
0.995126
1.0899394
1.0612199
1.0360303
1.0843424
1.1703552
1.1479502
1.0296688
1.00552
1.1326853
1.0682797
0.9327357
1.2357001
1.2677898
1.0843191
0.9887785
0.91805166
0.9043621
1.0883844
1.0412313
1.0822147
1.0270319
0.78884625
0.7803756
1.077526
1.0944569
1.0407802
0.9822946
1.2258093
0.9384362
1.1207657
1.0066947
0.9575273
1.2113768
0.8427173
1.0807875
0.9875175
0.9516753
1.0025902
1.1753913
1.08372
1.1492344
0.86941534
1.0018029
0.9496737
0.9196116
0.8319057
1.2280903
0.9636208
0.9601722
1.054219
1.0646858
0.9243706
1.1226454
0.9467053
0.9954758
1.031018
0.99372435
1.0425847
1.0767438
1.1204145
1.168623
1.058806
0.9537612
1.0810616
0.9025735
0.98848665
1.0320896
1.0312746
1.0382022
1.0490446
0.8954629
1.0338528
1.2050428
0.9881836
1.186578
0.93076146
1.1752661
1.0723369
1.0758398
0.81491363
1.0123416
1.0913683
1.1042728
1.0127479
0.98011065
1.0153401
1.0428848
0.9968062
1.0816722
0.9145014
1.0760089
0.9730989
0.8934462
0.93284136
1.2355556
1.018086
1.0130473
1.1055703
1.1232679
1.1384517
1.2304523
1.1206539
1.1278261
1.1576025
0.87520033
0.98471177
0.95188904
0.9135962
1.0578206
0.9927216
1.1911135
1.0159473
1.0235063
1.2377474
1.0797911
1.0532156
1.1039504
1.1541513
1.152918
1.1746616
1.1626576
1.0684711
1.1397591
1.1787714
0.92360836
0.9152125
1.1299937
0.9601722
1.0791394
1.1314589
1.0604913
0.9893923
1.125112
0.8781077
1.0284904
1.0525653
1.0946949
1.0995159
1.0924857
1.1008763
1.1210881
1.0406914
0.8949095
1.0870352
0.8830211
0.9392576
0.83285534
0.9585943
1.0471063
1.0916988
1.0045397
0.9678682
1.0501082
1.0740056
1.000416
0.98195624
1.0591706
0.9459152
1.1649386
1.1888508
0.93798447
0.98114246
0.9673562
0.8535837
1.1895349
1.1717834
0.9929323
1.1427624
1.0876913
0.9457243
1.0017188
0.81823957
1.1332448
1.0517403
1.033646
0.83137745
1.2354361
1.0430932
0.97939956
0.9155209
1.0960346
1.053051
0.88135934
1.0841153
1.0221566
1.0735333
1.2021368
1.1998409
1.1083857
1.0940584
0.85132575
1.0374584
1.0149009
1.1238294
1.0541747
0.87403625
1.0963013
1.0699689
1.0959656
0.9879185
1.008014
1.2052923
1.0042533
1.0946839
1.0230205
1.045693
1.0324013
1.079906
0.9700333
0.9273784
1.1476934
1.0275112
0.9192976
0.9288499
1.1480727
1.1229951
1.0189381
1.1156993
1.1656644
1.0407704
1.0189456
0.9569555
1.1704509
1.0971735
1.128135
1.2574973
1.0492392
0.984667
1.0206947
0.87685513
0.93521893
1.1896172
1.1103519
0.9330641
0.93966615
1.1958185
0.9157711
1.202749
1.0649911
1.1061481
1.0306684
1.0179808
1.0824026
0.8549089
1.0569454
1.1805215
0.9906843
1.041327
1.0120947
0.9834645
1.1441667
1.0273238
0.9519006
1.0488483
1.0322844
0.94497436
0.9026079
1.0156711
0.89641076
1.2280715
0.9256178
1.1002923
1.1954888
1.1991628
1.1613562
1.0826117
1.0691876
1.0374486
1.1410422
1.1465027
1.1376498
0.9548917
1.076716
1.118047
0.89992034
1.0413206
0.9199099
1.0890334
1.0809526
0.8188704
0.88881373
1.0656143
0.90241313
1.0714377
0.93781555
0.88333607
0.9408759
0.9251586
0.9459423
1.0487714
0.9556112
1.1243469
0.9101274
1.0528936
1.0883098
1.0061277
1.208144
1.0738142
1.0661917
0.8558677
0.98440534
1.0685979
1.1550963
1.213095
0.958637
0.9312676
1.0995387
0.95189255
1.2252922
0.98129857
0.87397885
0.92524457
1.2023834
1.2169029
1.0566499
1.061128
0.91446507
1.1047142
1.0339347
0.8676541
0.94115037
1.058908
0.98320055
0.97799563
0.9691297
1.292921
1.0482122
0.8728014
0.95881844
1.0692501
1.1064651
1.0879743
1.0373777
1.0218534
1.059449
1.0881264
1.1559229
0.9666045
0.99785495
1.1641238
1.0065625
1.099649
0.9546584
1.1131294
1.212353
1.0739281
1.0944858
1.1118994
0.928177
0.9648591
0.94841707
1.1104279
0.9295566
1.2097626
0.89773995
1.0157554
1.122462
0.9430483
1.2285385
0.9459754
0.9022198
0.9605242
1.020617
0.8229689
1.0835335
1.0779331
0.9898225
1.0225229
1.118156
1.0563083
1.0560533
0.9174271
0.82522976
1.157839
1.1567377
1.2311413
1.0182706
1.1322907
1.1391279
0.9967615
0.9567665
1.0076034
1.1702558
1.1717219
1.0342898
1.1642424
0.8745628
1.0577879
1.0237823
1.0779546
0.99258125
1.258138
1.0885454
1.0630877
1.1185226
0.95599043
1.1019614
0.9170383
1.0105304
0.8503468
1.1107678
1.272285
0.9763696
0.96382517
1.0568503
1.0899532
0.96471214
0.9446438
0.89021987
1.1056126
1.1737387
1.1977024
0.991451
1.239118
1.0881611
1.1714519
1.2178643
1.0492712
1.0848532
0.99339783
1.1267761
0.8168534
1.0911356
1.0844009
1.1573392
0.97039074
1.1544881
0.7577236
0.8758414
1.0326076
1.0436308
1.1581124
1.123342
0.90512574
1.1925828
0.99081194
1.0897734
1.0851008
1.1977758
1.0264019
1.1452043
1.0691061
1.0734177
0.99622774
1.1653146
1.1224744
0.9565022
0.91360664
1.0295295
0.95918095
1.09252
0.9868034
1.1689467
1.0749048
1.0138519
1.0457941
0.84726745
1.0191438
1.0342526
0.9475429
0.9292742
1.000979
1.2075958
0.9337622
1.0514408
1.1413616
0.9931148
0.90220773
1.1088405
1.14593
1.0760608
1.0093052
1.0271163
0.8572604
1.059636
1.1020851
1.1196468
0.9320615
1.0172851
1.1369772
1.021713
1.3300415
0.8772412
0.92491007
1.0554874
0.80305284
1.1506737
1.0572245
1.0648098
1.0472157
1.1214892
1.0588014
0.9810755
1.0897377
0.8830956
1.0072939
1.0153837
1.0075272
1.1773926
1.1211699
1.0539454
1.0469682
0.9702176
0.84541065
0.92977923
1.1344956
0.92868173
1.01746
1.0339034
1.0311105
0.9538435
0.93162066
1.058757
0.9721643
1.1340566
0.9845193
1.1063344
0.9559897
0.9007448
1.0219114
0.9555565
1.1261551
0.98917073
1.043844
1.1626045
0.83635557
0.99585575
1.0543522
1.0484041
1.1037569
0.890391
0.93230116
1.1837094
0.9748368
1.0980183
1.0905437
1.0059342
1.0510752
0.9917085
1.2421161
1.004141
0.94717765
1.0829703
0.9353237
0.92960024
1.1345882
0.99887407
0.847107
1.0141857
0.9700068
0.9551765
0.9462321
1.0004419
1.0222197
0.9244894
0.87226987
1.0576314
1.1787353
0.9369409
1.0975335
1.1446178
1.0116158
1.0408016
1.1546166
1.0261209
0.9155749
1.0268791
0.8940447
0.87310493
1.0979879
1.0692772
1.1624175
1.0284126
1.1619915
0.950117
0.9491337
0.9799508
1.13364
1.0158162
0.9664978
1.0204375
1.0900806
1.1060995
1.1902978
1.0919343
0.99948746
0.9739019
0.99502194
1.0375897
1.1478481
0.8322531
1.0206182
1.2077913
1.1426387
1.0201936
1.1238605
1.037891
1.17
0.9500941
1.0625772
0.9600985
0.94855297
0.93893844
1.070332
0.9419707
1.0973642
1.0784622
1.0391083
1.1266146
1.2439182
0.9133488
1.1349024
0.9542743
1.1461408
1.0061008
0.96403664
0.971585
1.0958792
0.98963034
0.9263592
1.1306735
1.0340389
1.1074121
0.94188213
0.99257886
1.0093439
0.9774232
1.0361897
1.0661523
0.9822631
1.179487
1.1469153
0.7849817
0.8955426
0.8999998
0.97620904
1.1168258
1.267653
1.0468876
0.95768964
0.9858248
1.0113602
0.89448005
1.1851825
1.0407423
0.9624188
0.9279883
1.1278925
0.8381331
0.8697103
0.7410717
1.2603228
1.0347052
1.0336887
1.0439744
1.1177199
0.9160657
0.9666338
1.0433625
0.9962169
0.9747585
1.1935189
1.0420282
0.8385117
1.0720497
0.7372252
1.1636469
1.0476742
1.0210782
0.98065627
1.0217615
0.98887646
1.0787661
1.0319953
1.0405076
1.1048578
1.0618513
1.1159856
1.1424401
1.1219721
0.96698594
0.89447725
1.2468075
0.84051764
1.027361
1.0260988
1.0195838
1.0206528
1.1421936
1.1049328
1.0716488
1.0888245
1.0457263
0.92224085
0.98797643
1.0595744
0.76516175
0.98954344
1.1034437
1.1107192
0.9582311
1.03118
1.0784336
1.1358731
1.0607349
1.1625664
1.1066389
1.1006103
0.81894195
1.0717514
1.0932548
1.0132991
0.97371054
1.0629737
1.0449673
0.87542063
1.0407019
1.000784
1.0766766
0.81079996
1.1172755
1.0690463
0.96062016
1.1194139
1.082056
1.0407865
1.0138301
1.0313163
0.9316956
1.0554405
0.768283
1.1126921
1.0842404
0.99247086
0.98820186
1.0539198
1.0497866
1.0477587
1.0632776
0.98174787
0.9124596
1.0399747
1.0591321
1.013596
0.9454722
1.0216911
1.0954161
0.969519
0.8132781
0.99188614
1.099633
1.2467701
1.0168414
0.96197784
1.1323072
0.9631464
1.007001
1.1606922
0.99216783
0.9502003
1.0298253
1.1009153
0.9574784
1.0441145
1.1865137
1.0924168
0.88156635
1.119323
1.007411
1.1886885
0.9456724
1.1466506
1.0756903
0.8677789
1.0978779
1.2784545
1.0288696
0.82162756
1.0154678
0.9605788
0.9943207
0.84329116
1.0406649
1.041963
1.1191304
0.9972307
1.0297103
1.054184
1.0344718
1.06316
1.0340159
0.9332007
0.97406924
1.2068532
1.0494826
1.0773772
0.9253876
0.99873495
1.1430494
0.9225377
1.0575181
0.84254366
0.9773531
0.9533721
1.0654777
0.9043062
1.1476784
1.2200692
0.84187865
1.024982
0.8979965
1.0117028
1.041029
0.9160086
0.9888545
0.82040197
0.91483784
0.8732232
0.9859972
1.0041585
1.0421563
1.0284218
1.0903676
1.0978167
1.0689688
1.0420538
1.0598185
1.0216588
1.108126
0.9585469
1.1428423
0.9749217
1.0364445
1.1017194
1.1477201
1.0384364
0.99496305
1.0044361
0.95014596
1.0897539
1.0417932
1.1358589
0.97887695
1.1506512
1.0889337
1.0733671
1.006273
1.0866952
0.8670936
1.1767664
1.1051652
1.1043413
0.96431005
1.0601058
1.1011119
0.94961584
0.9799928
1.1470239
0.9048689
0.91381294
1.0757339
1.0548115
1.0381935
0.9853471
1.2021592
1.1123748
1.0587554
1.095489
1.0051696
0.94799614
1.0598685
0.8787434
0.9845959
0.9280489
0.8063084
1.1595826
1.1169844
1.1817694
0.9543634
1.1044648
1.0870918
1.0350122
1.2216108
0.9972874
0.87400496
1.1049514
1.0026159
1.0237567
1.0223587
0.959811
0.96461314
1.1122656
1.0352373
1.0235978
0.89555585
1.1466022
1.0261195
0.9340749
1.043447
1.0902401
1.1778388
1.0035825
1.0080401
1.0453484
1.0540936
1.1046723
1.0173439
1.0819573
0.9859916
1.0482596
1.1638911
1.0771708
0.94548374
1.1019831
1.0704746
0.98660886
1.0918248
0.98086995
0.9810684
1.1248503
1.0624368
0.8344673
1.1877915
1.0128231
1.021679
1.145483
1.0064809
0.9234991
1.052593
1.0148386
1.1885486
1.0322028
1.0301477
0.8983762
1.0374635
0.99817485
0.902794
0.9498371
1.0058346
1.1558764
0.9722398
1.1006229
1.0447689
1.1654516
1.2357843
1.0301727
0.94781184
0.9774798
0.90042233
1.1341033
1.082203
1.1230288
0.9013263
1.0663021
1.0159258
1.0423517
0.91197807
1.0085487
1.1580265
0.9016875
0.8771776
0.9718673
1.0669385
1.0743078
0.9145603
1.1177893
0.9712577
1.1359861
0.9767283
1.0741553
0.890055
0.87110686
1.1643279
1.0254468
1.0027835
1.0521882
0.91342354
1.1065698
1.1029848
0.9632492
1.0904593
1.1382213
0.91189426
0.9889803
1.1333661
1.0071769
1.0564685
0.8644918
1.1053054
1.097739
1.1486278
1.0479785
0.9837168
0.9938271
1.0692167
0.9298213
1.0569539
0.96704733
1.1207867
1.0019264
0.9692831
0.80047405
0.96193236
1.1636332
1.0900683
1.2192664
0.8401792
1.1029857
0.96545094
0.9372062
1.2325656
1.1914138
1.0919037
0.9500288
0.9540988
0.9741281
1.02949
1.1573117
1.1173673
1.0261778
1.1149225
0.8566099
0.877141
1.0633326
1.0369328
0.9636755
0.9497628
1.1287762
0.8439008
0.8179481
1.074953
0.86810344
1.037311
1.1140213
1.2155021
1.0229095
1.0397675
0.9253078
0.98703104
1.0188999
1.0919775
1.1279738
1.0136278
0.92952704
0.95790714
1.1606994
0.97725606
0.9400078
0.9997713
1.059336
0.9706572
0.9045696
1.0571663
1.1442928
1.0506258
0.8012754
1.1210287
1.068042
1.2024676
1.1322649
1.2616237
1.1176801
1.0774592
1.015347
0.9960948
1.2384374
1.1557189
1.0127633
0.8948772
1.0188655
1.2109374
1.0635736
1.0144079
1.1132256
1.0314391
1.0256814
1.0446188
0.8842319
1.0014538
1.0749232
1.1980001
1.1138077
0.85202664
1.0169019
1.1862803
1.0937722
1.0219257
1.0059625
1.0734268
0.8730879
0.99860984
0.9876491
1.2423992
1.1109874
1.2850688
1.0628474
0.9586101
1.0374674
1.0357934
0.9091393
0.92477417
0.94587135
1.0251303
0.998639
1.0138246
1.1088576
0.9546579
1.0432285
1.0464544
1.01576
1.0195419
1.1068535
0.8227316
0.9980881
1.0073794
0.9492413
0.9538287
1.0433223
0.96402746
1.0452472
0.8418983
1.0914752
1.0014708
1.1180285
1.0141987
1.0842792
1.0214248
1.0015899
1.1980442
1.007102
1.1698126
1.0617323
1.0612028
0.95334184
0.8594475
1.2098119
1.1699126
1.1865525
1.0642073
1.1055582
1.1491382
1.129823
1.1604663
1.0166031
1.0703106
0.79685235
1.0739568
1.175484
0.9480307
1.2751665
0.89873993
1.2016792
1.0184813
1.1421044
1.1347516
0.98804617
1.0967818
1.0420296
1.0689516
1.0664772
1.1248739
1.0131063
1.1114366
0.9533371
0.9364307
1.1645405
1.0635595
1.0112325
0.95828426
0.96512985
0.91860425
0.9373342
1.1284709
0.82215714
1.0386137
1.055085
0.99343085
0.81819963
0.83113027
1.0169513
1.0278375
0.96084356
0.9296113
0.96343505
1.0802348
0.89582276
0.8285301
0.9758148
1.0383532
1.0031278
1.0169291
1.057457
1.1692779
1.0534778
1.0719743
1.2571021
0.9017819
0.9082313
0.73643744
0.9945864
1.0352474
1.1006895
0.92474747
1.1132777
0.8230197
1.008783
1.3116882
1.1294278
1.1366944
1.1550419
1.0132768
0.91878724
0.98788846
1.0341818
0.9226558
0.99210083
0.9501041
1.0197827
1.0461668
1.0296773
1.1283858
1.078629
1.166218
0.9918314
1.0064796
1.1920133
1.1499846
1.0903634
0.94194674
1.2342381
0.9745866
0.85299695
1.108761
1.0386955
1.0481265
1.0350552
1.0201496
1.101689
0.8972796
0.9705596
0.99050117
0.8532418
0.9970726
0.8435033
0.95427823
1.1196026
1.009491
1.118193
1.1329219
1.0383261
0.97139746
1.2946756
1.0279828
1.0321686
1.0210036
1.0427563
1.0934505
1.0360419
1.1362317
0.9770094
1.0212198
1.1312218
1.1939871
0.9881739
0.9614539
0.9813119
0.96005607
0.80261844
1.2482862
1.2226379
1.1547555
0.991637
1.0238817
1.0357206
1.0917304
0.9509117
1.155064
1.1384027
0.9951857
0.9620631
1.0556695
1.0959932
1.0160804
0.96289915
1.1299069
1.0146457
1.0864393
1.1171129
0.93448496
0.9142045
0.87793374
0.9965694
1.0809995
1.0656334
1.1518579
0.9924752
1.1638314
0.99441665
1.2225851
1.0853615
0.88769054
1.0318905
1.161762
1.0528222
1.0072238
1.0480963
1.1263065
1.015688
0.9666145
1.0712711
1.0955375
1.0681458
0.945779
1.271555
1.0636774
1.0308208
1.1222875
1.2080467
1.235451
1.0892184
1.0132384
1.1410686
1.0401347
1.0965576
0.8897238
1.1633669
0.88175213
1.0013254
1.0212709
1.1853088
0.8874803
1.1214428
0.9670725
1.0056348
0.97758913
1.0534233
1.1200349
1.1409042
0.9484618
1.0376017
1.0788085
0.8441036
1.0530777
1.0680894
0.88404536
1.1026202
0.9848573
1.0217373
1.1369885
0.9910214
1.1674426
1.024643
1.0005141
1.1276906
1.0354731
1.1436913
1.1150563
1.0199795
1.2191811
0.929713
1.036454
0.908968
1.1302196
1.1591249
1.0277674
1.1314077
1.1141286
1.098247
0.8352781
1.0236384
0.99668014
1.0559493
1.101625
1.0903726
0.78691834
1.0718019
1.0484812
0.87751484
1.0690135
1.1396825
1.0042877
1.144547
1.1371304
0.7761625
1.0545259
1.0217012
1.1892396
1.0878968
1.1116638
1.0867958
1.0891786
1.1483972
1.1393065
1.0171587
0.996967
1.130496
1.1172905
0.8640702
1.1137179
0.927511
1.0994055
1.2009068
1.0315886
0.90458
0.7398654
1.052404
0.8897586
1.090894
1.0691397
1.0117307
1.0461317
1.1487188
0.92677414
1.1653857
1.0887622
1.018757
1.1148531
1.0249745
1.1635792
0.8968554
1.0565854
1.1185126
1.0286828
0.9681084
0.97072005
0.9820414
0.777735
0.955277
1.0177859
1.1682266
1.1310382
1.0496801
0.8518045
1.0878534
1.05737
1.0629576
1.059547
1.1224583
1.1175928
1.1997741
1.1017911
1.1135215
1.1338787
1.0155865
0.9955342
1.2325237
1.0953505
1.2271435
0.97632563
1.1451259
1.080717
1.059319
1.0326947
0.98672503
0.95587444
1.1781311
1.0216097
0.99643344
1.2096982
1.2196678
0.90357006
1.076461
0.92355317
1.0203363
1.0976956
1.0634668
0.7637547
1.0043285
1.0924633
0.84529227
1.0623347
0.73582554
1.0657077
1.1576709
1.027801
1.2153485
0.9741897
1.1196913
1.1135732
0.97817874
1.091471
1.0327005
0.9185945
1.078917
1.1156483
1.071251
0.8616687
0.981308
0.93143725
1.118937
1.1706445
1.0747608
0.78848267
0.95097625
1.1097881
0.91592586
1.0368438
1.1027141
0.9330082
0.9385135
1.1269805
1.1307744
1.104967
1.015188
1.0567125
0.8079809
1.0020859
1.0238545
0.95819867
1.1877514
1.0144753
1.0357103
1.0077475
1.0580568
0.9788619
0.98653805
1.0743213
0.89719003
0.93782556
0.9175535
1.0009241
1.1818789
0.79283714
1.2499037
0.938121
1.0613745
1.0438432
0.92442703
1.2171649
1.0806606
0.92504257
0.9933374
0.9075563
1.091953
0.90309656
1.1833754
1.1012709
0.9298232
1.1148516
1.0804096
1.0334221
0.9974726
1.0758622
1.0389262
1.0674459
0.8509068
1.1189773
0.99655366
0.9915196
0.9657736
1.0013819
1.0767246
1.0836235
0.94468266
0.90573055
0.9516506
0.9798608
0.99857056
0.9036753
1.1632669
0.988287
1.1407981
0.99362886
0.7596587
1.0656987
0.96417964
1.1665504
1.0663335
0.9942409
1.0492806
0.8804722
1.1523697
1.0925297
1.1205578
0.93048215
1.0477834
0.8250832
1.0269148
0.99940217
0.9660125
1.1873701
1.1414244
0.9569044
1.2306119
0.9670309
0.9228178
0.81663334
1.0772719
1.1648537
1.0622591
1.1560303
1.0082517
1.0703751
1.2356317
0.91354215
0.9823197
0.9202461
1.2229974
1.2028159
1.1311573
1.2551588
1.1811856
1.1891539
1.0398035
1.105569
0.81069976
1.0611565
1.1138462
1.095139
1.0687976
0.91970485
0.97597885
1.006748
0.981347
1.176291
0.92128426
0.9861605
1.2034335
1.0572573
1.1484044
0.8137876
1.0168371
1.0095614
0.8997395
0.9109585
1.0103247
1.0138686
0.9469384
1.0711217
1.001183
1.1366658
1.0419331
1.0688802
0.9477109
1.1521126
1.0710325
1.1003528
1.127921
1.051163
0.703397
1.1876895
1.0864012
0.8481281
1.0476761
0.99058634
1.0114474
0.9429373
0.9220547
1.0707824
1.0964478
1.0783219
1.031112
0.9166212
1.1639092
1.0911682
1.1909606
1.0051467
0.94454616
1.0791783
1.0778797
0.9867681
1.101444
1.0545828
0.9267247
0.90909636
1.1199567
1.1272805
1.1196306
0.9008877
0.919299
0.95842016
1.0545449
1.0992317
0.93290716
1.0429685
1.072556
1.0448903
0.9570508
0.9095557
1.0420599
1.0105948
1.204474
1.0442505
1.1261133
0.99790347
1.0594599
0.91446674
1.120087
0.95418584
1.0579495
1.0524392
1.150635
1.0661424
1.1173096
0.92129767
0.9879497
1.2024641
0.9058821
1.0051087
1.1655209
1.0492443
1.1542352
0.97610164
1.1762819
0.959913
1.1066858
1.0992603
1.0792544
1.2484465
0.9798398
1.0386652
1.1971195
0.9412979
0.98206484
0.8776847
1.0784625
0.95254385
0.9337029
1.1427084
1.1560814
1.0841966
1.0573857
1.2003846
1.0958103
0.88826954
1.0901678
1.1920702
1.1178805
1.2277956
1.0556337
0.90966296
1.112683
1.3467598
1.103082
1.1457882
1.0324823
0.9830735
1.0138615
0.9957762
1.0414522
0.9414457
1.0248286
1.1052945
1.0162488
1.0903041
1.1109179
1.0029101
1.029504
1.0478675
1.1469367
0.926563
0.96418244
1.1282742
0.8842319
0.9348122
0.98468643
1.1378314
0.92265296
1.0435013
1.1433856
1.0094309
0.93035376
1.0314922
1.0653533
0.9293306
0.9882442
0.7755115
1.0213125
1.1178839
0.90609854
1.1405358
1.0382073
1.0077595
0.9283449
0.9301226
0.98502386
0.9361026
1.0819325
1.0375669
1.080138
1.1170331
1.1722143
1.1326218
0.9892993
1.0513968
1.0101801
1.0561249
1.0453405
1.0917537
0.8787127
1.1260506
0.92988694
0.9309709
1.1157274
1.0885968
1.1625345
1.2513375
1.1209054
1.0931952
0.9803836
0.953037
1.1238751
0.9893014
0.8930729
1.0964587
1.1630584
1.0745877
0.8702228
1.186832
1.0565076
0.91373587
0.967958
1.0385065
1.1019938
1.0226533
1.1074576
0.92313063
0.9528645
0.9172413
1.0325776
1.2580185
0.8682461
1.054498
0.9924309
0.9169208
1.0325961
0.97836804
0.98369235
0.9994384
0.97706276
0.86936456
1.1765237
1.0434628
1.0889264
1.2288555
0.9475153
0.97184837
0.9103418
0.99486184
0.8336285
0.9574919
0.939478
0.93549037
1.2272637
0.9170152
1.1268277
1.0152991
1.069551
1.0548787
0.9413209
1.0286157
1.1177862
1.0782245
0.9390215
1.0589161
1.2406025
1.2274619
1.0732515
1.0489345
0.93137
1.1282532
0.8833885
1.0877615
0.9480783
0.8946571
0.98390675
1.0081594
0.9351544
1.0430052
1.0417595
1.0293536
1.1028382
1.16792
1.057402
1.0811474
1.036605
1.1180756
0.9222611
0.99381316
1.0361899
1.0161383
1.0977519
0.97764456
1.125387
1.1663728
1.0391957
1.1498116
1.2410467
0.9372728
0.95530605
1.1318426
0.9384888
1.0586205
1.0882909
0.910079
0.87504673
1.0821261
1.0741438
1.0342609
1.1618211
1.1481805
0.8986813
1.1344695
1.082617
1.0739863
1.0165693
0.9795298
1.0071386
1.0244759
1.0617764
0.9059979
0.8778987
1.1416557
1.0093492
0.8593185
0.8820577
0.8904585
1.0993161
1.0345256
0.8314487
1.0538493
1.077436
0.90929514
1.0926262
1.0843687
1.1375887
0.88788486
1.1677032
0.9175706
1.0874691
0.9730824
0.9733061
0.9880991
1.147171
1.0236849
1.0660261
1.2002844
1.1343908
0.94130826
1.0562613
0.9267107
1.1629393
1.0339074
0.9732088
1.1045059
1.1508439
1.0328834
0.9426232
1.119081
0.94009554
0.9865496
0.9848504
1.0587114
0.750054
0.9940892
0.93760157
0.9180155
0.9086032
1.0980012
1.0770056
0.88855696
1.0292313
1.0930281
0.91056144
1.0864204
1.0538206
0.9207895
1.0525962
0.9548191
0.888962
1.1573807
0.916209
1.1807392
1.145599
0.83958983
0.91123617
1.0156438
0.92854375
0.89550245
0.9472354
1.1307399
1.1507409
1.0818322
1.0517168
0.9748167
1.0350745
1.1124868
0.96619445
1.0212264
1.1165197
1.0778751
1.2680281
1.0357051
1.0510076
1.0827208
1.1291244
1.0173266
0.8945608
1.0230888
1.0901773
1.0395808
1.1018381
0.9232633
1.0648329
0.94920915
1.0636882
1.065435
1.0505359
1.033417
0.6943371
0.98922503
0.9446082
1.0244675
1.1447221
1.0341893
0.9642019
1.0858309
0.9810704
1.0213966
1.039197
0.8318288
0.98520094
1.143993
0.9954189
0.9844439
0.9756756
1.027525
0.9959886
1.0039223
0.96458185
1.1700877
1.0026476
0.9978662
1.0423641
1.0500216
0.8422594
1.0369571
0.86434674
0.9230039
1.084398
1.0417805
0.94097763
0.8903875
1.0928481
0.7514179
1.0607593
0.9141878
0.9855117
1.0013028
1.1617944
1.1424834
0.9276979
0.8115705
1.017855
0.8642092
1.1618667
0.93731904
0.8741076
0.98902655
1.171015
1.0603182
1.1002715
0.90434575
1.0531626
1.1608737
0.873278
0.9883905
1.1985902
1.0462862
1.0931339
1.1508307
0.9920285
1.0977125
0.95319366
1.0309343
0.7465018
0.99582267
1.1147697
0.9441993
1.0712565
1.0084536
1.0194098
1.1974798
1.1001301
0.9802164
0.99509424
1.1531891
1.0521182
0.9753964
1.0288254
0.908746
1.0957782
0.96877897
0.9311578
1.0460496
1.2651649
1.0559723
0.9609946
0.99949074
1.0844628
0.8340452
1.0362251
1.1079301
1.1320083
1.0907093
1.0837816
0.99301547
1.1263689
0.98082757
1.0368898
0.9832705
1.1433241
1.1487167
1.210069
0.9577289
1.0094733
1.0254266
1.1859962
1.0503122
1.1746724
0.89346445
1.0275683
0.9310242
0.99333966
1.0661349
0.9185604
0.85569286
0.9624756
0.9239755
0.93180406
1.1613951
0.9477499
1.0696017
0.9487027
1.0235829
1.0938225
1.0380038
1.1175706
0.98844826
0.9197012
0.9455122
1.050999
1.1803467
1.1697937
0.88896745
1.0983186
1.03968
1.1113019
1.0287554
0.79906714
0.95176125
1.0138055
1.0351906
1.061744
1.0776218
1.1180176
0.92102313
1.034034
1.054281
0.9908463
1.0806277
1.0030382
1.0347753
1.1477022
0.8874892
0.8713839
1.0566727
1.0357392
1.2774122
0.93551713
1.1551657
0.9465903
0.85941106
0.9215669
0.88665396
1.0941948
1.2098206
1.2420558
0.8913052
0.99409103
0.8675015
0.9928398
0.95095253
0.99454296
1.0333142
1.1975125
1.06095
0.95935524
1.0762392
1.077508
0.91317445
1.0602268
1.0800033
1.0545772
1.1980066
1.0738869
1.2516928
0.9167582
1.2403402
0.95988095
0.96178526
0.9982827
0.8946595
1.1519881
1.0907223
0.8284745
1.0864216
0.8951298
0.7799586
1.0385091
0.9319099
0.96316135
1.0476844
1.0667338
1.0179766
1.0292573
1.1038777
1.0490273
1.0039384
1.0608966
0.92436814
0.9273046
1.0767151
1.1067533
0.9280964
0.94811356
0.99971366
1.2668065
1.1397827
0.93387485
0.98826706
0.9256331
1.114815
1.0724746
1.1674366
0.8562528
1.0800202
1.1141207
1.1181393
1.1474376
1.0967896
0.98641825
1.0792204
1.228164
1.1104636
0.9244202
0.95332325
0.9304607
0.9848886
0.8021177
0.881148
1.0054245
1.0614463
0.96239173
1.1176163
0.8290303
1.0378878
0.95452285
1.0326893
1.0782928
1.069438
0.94098306
0.99272573
1.0053601
1.0864906
1.0842177
0.93723285
0.89240676
1.0312477
0.89353234
1.0392213
1.1579407
1.0314219
1.07242
1.0616369
1.3052981
1.0304313
0.9280452
0.91522634
1.0148399
0.96106744
0.97768396
1.0333939
1.1411266
1.1929965
1.0120704
0.9292143
1.0411569
0.8114933
0.9097538
0.78747284
0.8561692
0.972896
0.88745207
0.85945046
1.0095052
0.9015306
0.8792227
0.86815953
1.0111445
1.0385386
1.0901823
0.8568527
0.98963475
0.7741307
0.9344946
0.9079025
0.9164937
1.0882742
1.1019746
0.9822201
1.1426015
0.8897988
0.72484314
0.96224296
1.0211376
0.98644143
0.86021316
1.010829
1.0079546
0.8366554
0.9179486
0.7703068
0.9830338
0.93495286
0.9876362
0.96635073
0.92262197
0.8011283
0.98110056
0.9289053
0.84691024
0.99941367
0.7210977
1.012304
0.98746276
1.0442023
0.98323417
0.9782733
0.81394017
0.99945784
0.8390266
1.0438904
0.9723835
0.88861054
0.9401604
0.9775711
1.1729475
1.1223369
0.8506541
0.83232653
0.9171741
0.89452565
0.9592701
0.89266694
0.9493987
0.9096818
0.9737813
0.90996104
0.9950956
0.85185033
0.81005204
0.9376494
0.8025578
0.94426215
0.8652573
0.9842794
0.78627187
0.84574056
0.9353509
1.0365505
0.8533817
0.9741641
1.0625288
0.8409608
0.77463186
0.8215519
1.0471234
0.64246815
0.8256041
0.86676526
0.9341726
0.923771
0.7650279
1.004722
1.1488907
1.0191369
0.85408604
0.9049132
0.7291074
0.9907593
1.0221548
0.8686758
1.0918243
0.86468375
0.93237305
0.85590756
0.95970404
1.020356
0.9888979
0.76310575
1.0398933
0.8487613
0.8294902
0.80143946
1.0772134
0.7725768
0.80275506
0.9281346
1.045893
1.1612612
1.0412056
0.9730394
0.8330916
0.9594548
0.8154249
1.1121507
0.8294368
1.0002875
1.0495253
0.8251321
1.1734678
0.7935344
0.7631209
0.75623727
0.90310645
1.2830555
0.947363
0.9559895
1.0033983
0.9555286
0.9028354
0.8623376
0.7443954
0.90715694
1.0203907
0.9669168
0.8721628
0.8918656
0.84054315
0.8052318
1.030898
0.87256235
0.8650447
0.87816024
0.82094544
1.1500933
1.062257
1.0023227
0.9986577
1.0056503
0.84775007
0.8873862
0.92154
0.84615993
0.9981928
0.7899052
0.93465364
0.97255194
1.032802
0.8048818
0.8650205
0.93673813
1.0100956
0.8011989
0.87169135
0.8300948
1.0122476
0.89638376
0.9155679
1.0184515
0.94351137
1.0127724
0.827665
0.9622911
0.725474
0.9965499
1.0431682
0.93371344
0.8711482
0.9117769
1.1615905
1.0264877
1.1081064
0.98317075
0.8503938
0.9518132
0.9192301
1.0925986
1.1612427
0.807639
1.0090442
0.81358266
0.9628808
0.8296695
0.8742062
1.0227747
0.80400383
0.776945
0.8434768
0.84886813
0.84724486
0.7595494
1.0037395
0.9077152
0.9146155
0.86954665
1.0376788
0.8784785
1.0098708
1.0571655
1.175261
0.8691963
1.0061591
0.72267616
1.0971966
0.82462454
0.78466654
1.1079547
1.1226592
0.90464985
0.91241395
0.92156756
1.0144333
1.0062246
0.7963147
1.0698345
1.02778
0.84796804
0.88253665
0.7822443
1.0958598
0.7863709
0.88131124
1.1533781
0.9568545
1.0376794
0.7030165
0.8884206
0.9636672
1.0596879
0.80630076
0.80465305
0.95493436
0.81945026
0.9819366
0.979121
0.98981714
1.0705415
0.7986276
0.87940305
0.96062124
0.92264485
1.109186
0.8382008
0.9600991
0.87275606
0.88008827
1.0034738
0.870343
0.85018706
0.8600381
0.86023045
1.147467
1.0613228
0.8356931
1.2053542
1.0673075
0.90261406
0.9496631
0.88905424
0.9209469
0.8837737
0.91111296
0.8854195
0.8157832
0.7076372
0.75907695
1.0039845
1.1327435
0.9311151
0.9108335
0.9607104
1.0446082
1.0284082
0.7288749
0.87449026
0.95308423
0.95777625
0.7997426
0.92471004
1.2165378
1.1331612
0.9923526
1.0986993
0.9131994
0.9189812
0.91038287
0.8799832
0.88179135
0.89134365
0.9545612
1.0122906
1.0790856
0.87774503
0.87486213
0.886653
0.7930683
1.0991995
0.8251189
0.91767395
1.0178362
0.7653178
0.7255461
0.9060968
0.9314634
0.98547363
0.7936052
0.89804703
1.0288855
1.0122483
0.82612497
0.8969401
1.0706384
0.8592265
0.89622104
0.9920365
1.0670044
0.88642323
0.83881307
0.94222593
0.90289307
1.027712
0.972214
0.9293794
0.82236433
0.7881901
0.8394754
0.9868027
0.9682087
0.8733573
1.0595796
0.7782569
0.92628276
0.90603364
0.84894156
0.919891
0.7619425
1.0550338
1.0957811
0.9807278
0.8787036
1.0909524
0.88757086
1.0128963
0.817851
1.124094
0.9242712
0.96113753
1.0171194
0.95710254
1.0206547
0.72995996
0.7720809
0.9820508
0.90508246
0.86742973
0.8081618
0.9820322
1.0174997
1.1108364
0.7989831
0.97535163
0.98403203
0.7250564
0.9951713
0.84742314
0.8289674
0.90953845
0.8849808
1.0857699
0.9489306
0.8446201
0.845684
0.84862757
1.0008583
0.88939214
0.83993584
0.86411226
0.8782873
0.71626353
0.952994
0.75357956
0.9602465
0.90018946
1.0707016
1.1381361
1.1392395
0.8780595
1.0372818
1.1952806
0.8594108
1.0717459
0.9844195
1.0819855
0.8860653
1.1463642
1.0990256
0.87644064
0.9329766
0.9899252
0.72572005
0.9498061
0.97566795
1.082711
0.85018986
0.91967976
1.1491957
0.80877227
0.81992507
1.0102582
0.8917824
0.891392
0.76598954
0.85380554
0.7803016
1.0866534
0.914222
0.81795436
1.1074834
0.9198818
0.94837797
0.95074195
1.1290556
1.2093208
1.0376126
1.0533061
1.0681174
0.9181669
1.1491753
0.9450988
0.76777554
0.8200954
0.8487816
1.0211976
0.82588124
0.8654878
0.8919729
1.0491326
0.9815484
0.92865515
0.76820683
0.80513453
0.7728352
0.95745325
1.0780208
0.68318313
0.8306206
0.8378898
0.77587724
1.0899632
0.92115045
1.1295803
0.83402395
0.88457465
1.0440992
0.8410777
0.9175633
0.8379762
0.88151026
1.0119759
0.8188865
0.83999795
0.8052083
0.87808764
0.9924503
0.89468503
0.97476566
0.93059224
0.8657118
0.79016423
0.7602129
1.0118262
0.75065446
0.8938295
0.9555855
0.7364658
1.0911467
0.8737425
0.8783426
0.9426285
0.8906354
0.9216956
0.88281906
0.95858246
0.86044145
1.0118513
0.8451625
0.85928905
0.96035093
0.8914983
1.0358284
0.9025693
0.93343306
0.9814329
0.8879753
0.8039708
0.86070627
0.92668074
1.0417831
0.82674897
0.91406775
0.898515
1.0139067
0.98146343
0.93820786
0.92078984
0.9340669
0.8294399
1.0478759
0.8999748
0.84561
0.9255355
0.8578545
0.98563516
0.9527667
0.74432063
0.9452102
1.0201434
1.1679064
0.9226785
1.0008644
1.0003151
0.94890594
0.8443475
0.8962362
0.8960129
0.8958871
0.9328384
0.9723842
0.9843361
1.1099691
1.0268549
0.85612017
0.8177371
0.8336718
0.89747226
0.9011661
1.0358145
0.87170964
1.1714013
1.0067881
1.0264325
0.9967974
0.84957874
0.81357354
1.0739145
0.98637027
0.88857967
0.8910848
0.9243886
0.99531233
0.9301343
1.0783517
0.8268166
0.81157887
1.0294747
1.0112596
0.78436494
0.7940942
0.92630994
1.1479559
0.83993226
0.85572886
0.7693991
1.02472
0.98335195
0.8453599
0.92149186
0.77319086
1.0870199
0.8472817
1.1534851
1.0216655
0.7372786
1.0140948
0.9120133
0.77162606
0.86035955
0.85876775
0.8223142
1.0082924
1.0452998
0.94950914
0.85571456
0.8684224
0.80006266
0.87302226
0.96291155
1.0822234
0.8211655
0.8822464
0.7506558
0.988647
0.99011934
0.9364742
0.9831861
0.93103075
0.7808801
0.8963456
0.8572923
0.8836793
0.8960227
0.77869856
0.7880846
0.8174033
1.2084283
0.8981642
0.98909587
0.87277293
0.85650617
1.0342153
1.1166222
0.79540896
0.96997523
1.068894
1.0174754
0.7706338
0.9442899
0.8491419
0.98269594
1.1455002
0.7859957
0.91485894
1.0419157
0.94796705
0.8193157
0.80773246
0.85644186
1.101655
0.78510755
0.9912683
0.96845853
0.8911479
1.0612489
0.94159424
0.83333933
0.9928415
0.9242122
0.9471407
0.95395535
0.8903233
0.916786
0.9535301
0.783003
1.0027859
0.923862
1.122285
1.036951
1.0412185
0.881338
0.9498743
0.8726557
0.90381324
1.0739877
0.9477031
0.9180564
0.98702466
0.91289306
1.0571332
0.99540854
1.0841376
0.8846998
0.8889893
0.80187523
0.8733569
0.99359417
1.1214426
0.8419991
0.98482466
0.85216403
0.81516933
0.90424955
0.87241787
0.9655394
0.77451825
0.9265516
0.7982654
0.6801684
0.8657572
0.9116906
0.8111014
0.87992144
0.93514407
0.89726937
0.9331228
0.97209996
0.86745083
0.83097786
0.85647047
0.8525623
0.8671347
1.0656984
0.83629924
0.9739563
0.7708595
0.8071171
0.9667864
1.0164661
0.73900443
1.0650628
1.0130062
0.9341924
0.9106046
0.865363
0.8929603
1.1986856
0.8271952
1.1098635
1.0308179
0.82175696
0.73619175
0.89491844
0.8384855
0.8956734
0.85362595
0.9047206
1.1467259
0.7261959
0.8048653
0.8905379
0.7833419
0.9654468
0.99766433
0.84784496
0.8097998
0.99127567
0.8171233
0.9680701
0.93961036
1.0080626
0.95037746
0.92214084
0.8949053
0.7084393
0.9776557
0.8027073
0.75813997
1.0005409
1.071512
0.8746204
0.9186493
0.8636755
0.7380846
1.0347791
0.8461739
0.6682568
0.90245295
0.9384143
0.80235684
0.9655755
0.9731017
0.9724437
0.84035754
0.84414685
0.92174166
0.8462746
1.0192703
1.0773704
0.74750817
0.84276223
0.88242173
0.8585299
1.0274985
0.9010916
0.8438693
0.9104472
0.86268324
0.97678477
0.74047315
1.0661334
0.7618605
1.035275
0.76524305
1.0598007
1.1067564
1.0199633
0.9116208
0.92609054
1.1611278
1.0857847
0.92466295
0.92447054
1.0709298
1.0355752
0.9955552
0.87881005
1.0627823
0.7961725
0.82048494
0.8665569
1.0543053
1.0742869
0.8974775
0.96925974
0.83439314
1.0127332
0.8851457
0.8046578
0.9544822
0.8436955
0.98110825
0.83350277
1.0477376
1.0345248
0.9163306
0.81662595
0.7912762
0.9528352
0.80313677
1.0488335
0.9151228
1.0672426
0.90952504
1.0187197
1.0385097
0.94444925
1.075472
0.82439363
0.9089098
0.8617135
0.80869865
0.8993739
0.8666662
0.9839074
0.91824347
0.81224144
0.762506
0.8252392
1.1107388
0.9798908
0.95447636
0.8192233
0.90071464
1.0280294
0.8923761
0.83316946
0.81845224
0.9877193
1.0812578
0.73766726
0.84547186
0.8790189
0.92813015
1.0354944
1.0604419
0.95271134
0.80756027
1.1040987
0.8847344
0.9127697
0.8737912
1.0477456
1.0400136
0.8505384
0.78089094
0.90729344
1.0429943
0.91891015
0.922269
0.8450105
0.91886115
0.8023493
0.85965717
0.96363366
0.8013058
1.052336
0.81090736
1.1248726
0.8803685
1.0790033
0.8260454
0.9731654
0.810405
1.0578123
0.97801733
0.8347687
0.938977
0.8594118
1.0889754
0.86018586
0.8850088
0.83477664
0.97876346
0.95923877
0.9243932
0.87305856
0.9813763
0.7922157
1.0642807
0.9138088
0.8367897
0.98689145
0.9424652
0.89468646
0.9635067
0.8243797
0.9794978
1.0239682
0.89576715
0.84806615
0.75782585
0.87452173
1.0737958
0.946083
0.8498917
0.8683404
0.91150224
0.83114713
0.83905774
1.1534301
0.8397737
0.88887393
1.1393435
0.9313363
1.0441316
0.8101548
1.0497274
0.97038364
0.9025494
1.1163876
1.02866
0.9596947
0.8558447
0.8962759
1.0848138
0.8945615
0.9914214
0.939533
0.93493974
0.99811
0.9324633
0.9776455
0.9690807
1.0568308
0.79898393
0.8595396
0.88467914
1.1174937
1.0283126
1.0174804
0.9221221
0.87533236
0.80793774
0.8117463
1.0347514
0.83714044
0.76841885
1.0596709
0.70625335
0.9869335
0.8215703
0.95347756
0.9998044
0.94812894
0.8812471
0.7379921
0.9207165
0.942678
1.0089152
0.76511705
0.96235555
0.9808197
0.841864
0.79547787
0.9810375
0.9370481
0.95259756
0.88907516
1.0035944
0.93911535
0.8720658
0.7149583
0.9895953
0.93447894
0.780391
0.8356234
0.8895589
0.87603104
0.8107658
0.7357458
0.91322917
0.90933895
0.9835553
0.8977344
0.93027866
0.96157694
0.9127959
0.9410879
0.97604597
0.8922682
0.8397858
0.84780836
1.084326
0.89344907
1.0752242
1.1160746
0.8823253
1.0628605
0.9226878
1.2392435
1.0388477
0.9189453
0.94711435
0.64346445
0.9316913
1.0595694
1.037936
0.86387587
0.8423482
0.9487219
0.88351864
0.87209237
0.87750673
0.7153338
1.0541679
0.9261663
0.9051795
0.97139436
0.83788705
0.8228408
0.8791594
1.1338352
0.95750296
1.0735822
1.0843334
0.77454853
0.8898002
0.76230896
0.73840797
0.8597454
0.98498136
0.779368
0.96223897
0.8829161
0.8319744
0.8706789
0.7831584
1.0226499
1.1271942
0.98769534
0.95236254
0.9926481
0.8321185
1.125234
0.7375411
0.902477
1.0672736
1.0850263
0.8715792
0.9505298
0.9076674
0.9769716
0.83377373
1.1057613
0.98385394
1.0817999
0.80455065
0.93303615
0.8678819
0.9706384
0.99223197
1.0170135
0.8249843
0.7443701
0.98991656
1.0476283
1.1010685
0.8768306
0.83505857
1.1334388
0.8942267
0.91041636
0.95145994
0.9065688
0.91162133
0.9734388
1.1267772
0.8559501
0.98913956
0.9469162
0.71679926
0.8867341
1.0280755
0.9590437
0.98765504
0.9760756
0.96979356
0.9837564
1.0460458
0.9823508
0.90268725
0.7988039
1.0524619
0.78060913
0.8113388
0.9121747
0.9400581
0.9609892
0.9409212
0.9535016
0.8793052
0.9558701
0.89064
0.9189414
1.0931661
0.8184862
1.0883853
0.8517527
1.1741002
0.94692147
1.0401583
0.97835875
0.6620549
0.9500706
1.084929
1.0124063
0.89617884
0.86917603
0.96000856
0.9554728
1.0964285
1.0319623
0.9397134
1.0736301
0.9146433
0.8841487
1.1205182
0.9035499
0.90835905
1.0309873
0.97383153
0.8374368
1.014243
0.8662038
1.0176765
0.7086608
0.96084344
0.7389935
0.8619289
1.1032856
0.85683286
0.8420764
0.8772447
1.139746
1.121871
0.9799528
1.0514262
0.86147255
0.77452445
1.0759494
0.8338109
0.77931464
1.0850446
0.9641725
0.99893165
0.8888135
0.7894572
0.7691008
0.87282526
0.64734507
0.7755265
0.895628
0.8581741
0.9914366
0.8827497
0.879385
1.1240553
0.9746181
0.8002969
0.9145557
0.79235935
0.73540694
1.0106488
0.89772916
1.0218595
1.0445849
0.93496346
0.8131219
1.2788044
0.93093306
0.9011972
0.95690906
0.99747884
0.93202364
0.9866898
1.0616131
1.0206249
0.9213259
0.9016131
0.8179814
1.0165614
0.7754212
1.065084
0.8620427
0.8237768
0.8972088
0.9478978
1.0349149
0.8632553
1.1501105
0.9830487
1.0651941
0.8597921
0.8940356
0.9323016
0.8873055
0.89856523
0.80624723
1.0129509
0.91110265
0.992258
1.0375425
0.92079437
0.7782702
1.0176125
1.0488265
0.79679537
1.0256157
0.97097886
0.8424501
0.860689
1.0765467
0.9054788
0.93155396
0.8186314
1.020893
0.887238
0.75413984
0.9847993
1.1609142
0.8644928
1.01379
1.0552958
0.8644918
0.98424613
1.0938543
1.077184
0.840871
0.95984983
0.96634984
0.9311224
0.93001616
1.1229279
0.80011845
0.8334942
0.91893554
1.034367
1.0314187
0.88481003
0.9393437
0.8397386
0.7895329
0.81370896
0.7407236
0.84738994
0.965351
1.0497487
0.93589365
0.905136
1.0094541
1.0887419
0.96259075
0.98075175
0.6865729
1.0635263
1.0676388
0.72445107
0.849831
0.82938194
1.0527929
0.790768
0.8390972
1.1553837
0.8410729
0.8874447
0.7929703
0.8824363
0.8699901
0.834
0.85226905
1.0178657
0.9003248
0.9692348
0.9670887
1.0060138
0.8445406
1.0013472
0.85296124
0.74588364
0.9484614
0.7988912
0.9421921
0.80201685
1.0334697
0.8957484
0.926733
0.7960018
0.8419349
0.93431556
0.94248927
0.814855
1.009768
0.97613347
1.0194412
0.6222458
0.982731
0.79346806
0.9574294
1.0318489
0.986092
0.83709013
0.94779587
0.8033447
0.9939466
0.8299819
0.81095695
0.8316544
0.91809964
1.0193156
1.0779359
1.0266236
0.9042741
0.8267696
0.9559388
0.9624957
0.81099504
0.92452264
0.9009976
0.9079016
0.8685408
0.8629885
1.0911849
1.08039
0.7535049
0.99533325
1.1146019
1.0191176
0.98799306
0.90494895
1.0689404
0.86585164
0.93431073
0.8635944
0.8963671
0.90537316
1.149122
1.0477161
0.8706442
1.0314333
0.9052621
1.0151937
1.2405064
0.94415045
0.91746694
0.80353206
0.84083766
0.7436774
0.9591757
0.90230554
1.0359617
1.1324028
1.1162271
1.0386136
0.8871602
0.90530527
0.85171837
1.0260909
0.86959946
1.1755139
0.7315839
0.82672393
0.9346739
0.76752967
0.92469764
0.8265398
0.8672149
0.9030092
0.8833884
0.8332623
1.1691558
0.8625147
0.9013983
0.9319811
1.0617633
0.8623419
0.9237964
0.7834235
0.87762266
0.8361296
0.99746144
1.0165259
0.9446304
0.7793367
0.8276814
1.0759345
1.1032343
0.89467436
0.9530268
0.9108722
1.0423995
1.0257173
0.8214487
1.174624
1.0266107
0.98676217
0.7906496
0.8352263
1.0390799
0.7934089
0.87423086
1.0128887
1.1011121
1.1384556
0.77022195
0.9853629
0.8827408
0.9221269
1.0603861
0.7616941
1.049406
1.2062204
0.9554689
0.92195445
0.87692547
0.9600035
0.8122462
0.9300483
1.0858979
0.79498196
1.1399746
0.8443155
0.8366129
0.83978224
0.85422254
0.84051466
0.90267503
1.0155463
0.6672865
0.99842286
0.9806157
0.965099
0.89765775
0.93393785
1.1483626
0.9299346
0.77711046
0.9126991
1.1194186
0.8334874
0.8740438
1.0788963
0.93563145
0.90641737
0.8948821
0.8398524
0.8898412
1.0300163
0.9415997
1.0451187
1.0042527
0.76248497
0.7777356
0.949492
0.91979766
0.9325289
0.9515447
1.0876547
0.9704606
1.0247306
1.032929
0.862235
0.85475135
1.000775
0.7978006
1.077173
0.86186445
1.1313174
0.9146753
0.907506
0.99328303
0.97631764
0.9394897
0.88194865
0.8588499
0.840464
0.98772156
1.0565535
0.8957696
0.997494
1.1983585
0.8807533
0.78038883
0.96481884
0.9302018
0.8674328
0.93263066
1.0100986
1.0552506
0.8257456
1.0323203
0.9475891
0.93192947
0.85038555
1.0172963
0.89698815
0.9435176
1.0024539
0.7868217
0.8427468
0.9698875
0.5994829
0.98513114
1.0260834
0.86595553
0.8829173
0.7896722
0.98713136
1.0260775
0.7730799
0.80158573
1.0674356
0.9330295
1.0174501
0.8544572
0.96768594
0.78501976
1.0813503
0.9125353
0.9438863
0.76923084
0.8530526
1.0118023
0.9993323
1.074931
0.9727975
0.85564476
1.0283902
0.6982322
1.0098965
0.9315623
0.86159873
0.8246814
0.9868437
0.8427787
1.1063513
0.83989304
0.9902272
1.0135396
0.70994544
1.0769103
0.74221444
1.0718336
0.9509219
0.88900054
0.83786476
0.8577931
1.0600008
1.0028446
0.9754348
0.9200518
0.8875599
0.91869897
1.0577973
0.74314517
0.87414885
0.93259054
0.9854471
0.90499175
0.8901206
0.8523643
0.86020076
0.9631094
0.8741865
1.0403526
1.0903018
0.96492696
0.8491453
0.75508267
0.7991725
1.0884615
0.91778576
0.9384928
0.8514308
0.8342555
0.8840495
0.8787054
0.87297946
0.8389554
0.86082983
1.040819
1.0096421
0.9759935
1.0629697
1.0067302
1.0380712
0.926915
0.9059376
0.84692025
1.031531
0.7999187
0.7810457
0.85315895
0.8856751
1.0701733
0.8608835
0.9184546
0.7182374
0.94612724
0.9217004
0.8993571
0.9289707
0.9575511
1.0893059
0.85461426
0.99352854
0.80895054
0.9944347
0.8010229
0.95830035
0.9634502
0.97079146
0.8591236
0.9061535
1.053759
0.98113763
1.0384822
1.0789058
0.9836272
0.82697487
0.8897314
0.92115045
0.9512558
0.882977
1.0406384
0.8729631
0.7854936
1.1210084
0.9326269
0.79444635
1.0035179
0.85929906
0.9548694
0.9956926
0.87953186
0.9448386
0.8659864
1.1257783
0.94628453
0.8181343
1.1102474
1.0619761
0.78632283
0.7542265
0.8928771
0.93536514
1.1052691
0.981773
0.9153574
0.9132294
0.88777214
1.0184517
0.9026401
1.1334989
0.9321749
1.0597975
0.9849881
1.0658584
0.7860228
0.8368952
1.1530724
0.70819724
1.0269992
0.8203585
0.96229124
1.0409808
1.0369632
0.88224757
0.9308097
1.0207163
0.9765982
0.8552512
0.9474771
0.7727225
1.0252819
0.8719727
0.8395226
1.1280901
1.074545
1.1119533
0.98857486
0.94291854
1.0765202
0.9566896
0.874663
0.80898905
0.9628644
0.9864842
0.84328175
0.8858418
0.9625245
0.87727153
0.89384735
1.0342479
0.994048
1.1105474
1.0775859
0.96777177
0.97669256
0.85555816
1.0450397
0.8830803
0.7719648
1.0182073
1.0067225
0.88815004
0.8476873
0.96850455
1.0098724
0.8097348
0.9325937
1.1451228
0.7851356
1.0188553
0.9925699
1.0457805
0.85364556
0.9225857
0.8264266
1.028842
0.8508237
0.84081995
0.9726889
1.0068138
0.90636694
0.7608627
1.0192155
0.8935954
0.9935163
0.877476
0.8878652
0.9159838
0.90007895
0.82448184
1.0950998
0.94838494
1.0670829
0.80445385
0.8503207
0.96515656
1.0920979
0.92662895
0.8915411
0.87502015
0.9143297
1.134706
1.0543636
0.9904661
1.08998
0.965889
1.0261912
0.85095346
1.1827837
0.93587667
0.8967916
0.851372
1.0173266
0.9503683
0.9392886
1.0987802
1.0724751
0.8490044
0.8997632
0.99165344
1.0296726
1.0197251
0.9710427
1.0294938
0.9514725
0.89645743
0.92294395
1.0915395
0.8078617
1.01287
0.71827364
0.7945205
0.92480195
1.0674319
1.0574298
0.80261624
0.98160005
0.8619473
0.84209263
1.0433526
0.93970764
1.0388391
0.8707282
0.85219693
1.024231
0.89482886
0.7925545
0.9522705
0.9237798
1.1226013
0.92101955
0.93213725
0.87468493
1.0527768
0.8469438
1.0806308
0.81189394
0.8691557
0.98752964
0.7716634
1.0268018
0.8375442
1.1934217
1.0704703
0.9296925
0.85916126
0.8708095
0.93758804
0.74969816
0.87170345
0.86703926
0.8304708
0.93991613
0.9820714
0.816175
0.91156095
0.8872208
0.8777299
0.8212769
0.92946315
0.8228915
0.8324273
0.8706534
0.98683476
0.89285815
0.7501575
1.1085036
0.75766873
0.75019294
1.0283345
0.99091387
0.97826123
1.0029601
0.99469024
0.92222714
0.83776724
0.8104403
0.93828243
0.97868025
0.88426626
0.94954544
0.9142163
1.0446987
0.9796304
0.9958133
0.8627747
0.8696459
0.87880176
0.9696871
0.9352693
1.0455239
0.8509314
0.7820413
0.97183955
0.82025737
1.0130701
0.80914176
0.8114759
0.84895897
1.161618
0.86981636
0.8338827
0.99551034
0.72312117
0.9594494
0.7943517
0.927511
0.9558549
1.0112904
0.96080315
0.92463124
0.96375173
0.929405
0.98682296
0.9699894
1.1025157
0.90574497
0.9582838
1.1114187
0.9216051
1.0822134
0.87118304
1.0514296
1.0717463
0.84458256
0.87603176
0.82425034
1.0967839
0.9801458
1.0643654
0.9361192
0.8783806
0.8634595
0.8650187
0.8379595
1.0692238
0.96831775
1.1012037
0.9431275
0.8904445
0.8844648
0.8039235
1.1276422
0.8253993
0.8745383
1.0470755
1.0165155
0.8456695
0.8491359
1.1060978
1.0727271
0.9752804
1.0614606
0.9088061
1.0253706
0.9320163
1.0021977
0.85640824
0.86499965
0.91698176
0.85941327
0.9112165
0.96703196
0.96144235
0.87711084
1.0357497
0.9840498
0.7866018
1.1088018
1.1205441
0.89835584
0.96911204
0.95120937
0.88954496
1.0711157
1.0005176
0.9604192
0.80477107
0.8837942
0.87551624
0.8859485
0.98628366
0.9990983
0.9623171
0.9446633
0.9884422
0.97012985
0.92410994
0.77793354
0.6969081
0.9467296
0.8700403
0.8166774
0.9019727
0.86973983
0.77908576
0.79467136
1.0320985
0.81701386
0.9298849
0.9637356
0.7793021
0.9348078
0.97510374
0.82714844
1.1877599
1.0454495
0.9131534
1.1291842
0.9339525
0.9303644
0.9964797
0.8744402
0.98683035
1.0001885
0.79323184
1.1741307
0.81339264
0.98809224
0.9043542
0.7329742
0.9287346
0.9854599
0.9576945
0.88856494
0.96624804
0.8835846
0.8858715
0.858232
0.79706335
1.0204594
1.0021651
0.7949879
0.9398265
0.9905571
0.96324164
1.0433432
0.8709438
0.8787941
0.8935859
0.95889634
0.9879252
0.7927253
0.76749885
0.7827636
0.7696663
0.99335
0.9375788
1.1043093
0.95060146
0.8875662
0.79172474
0.90059733
0.99185234
0.86253214
0.9452462
0.85686064
0.80122715
0.90345
0.9497359
0.9139682
1.0734476
0.7761282
1.201314
0.9084108
0.91243064
0.8790777
0.8518001
1.0710852
0.945228
0.87524986
0.83134973
1.1673836
0.9323034
0.9246778
1.1638291
0.8451707
1.1835437
1.0336535
1.0264983
0.8160653
1.0724975
0.8509711
0.895689
0.7450366
0.90862036
0.79505336
0.89685225
0.9209256
1.0453613
0.8564712
0.8386092
0.8383692
0.7892602
0.89174885
0.8364564
0.96963334
0.9253823
0.9562795
1.1050875
0.84654343
1.0463066
0.84132826
0.9717329
1.0307595
0.87016094
1.1873028
0.97284234
1.0095268
0.93119156
0.85585976
0.81589186
0.7815288
1.0848529
1.0353202
0.84993917
0.88513136
0.9157557
0.98087955
1.0427868
0.99545383
0.7866112
0.83562946
0.9794182
0.7990985
1.1554198
0.7815599
1.0327687
1.1025288
0.83607656
1.158131
0.8151196
0.81175673
0.94775367
0.8744457
0.8617472
0.8138045
0.9505344
0.9288627
0.8668711
0.89124733
0.7597499
0.99889654
0.9307493
0.8795284
1.1418854
1.0325773
0.89053655
0.8564956
0.9884602
0.99341404
0.9453194
0.9733681
1.0143034
0.86009073
1.0638915
0.9039047
0.7589262
0.9053598
0.90485543
0.8687823
0.7414818
0.9178421
0.88955617
0.8457407
0.73983324
0.9340456
0.76840615
0.8790739
0.85098696
0.8726728
0.92140204
0.81518483
1.0313425
1.0034025
0.8935091
0.8261539
1.0292866
0.9597868
0.9102826
0.908952
0.98126096
0.8579394
1.0588146
1.006823
0.79752666
0.72310466
0.77831614
0.7489388
0.83776903
1.0268743
0.9345964
1.0008811
1.0390899
1.1019163
0.9748403
0.9884839
0.78592575
0.8991614
0.7862308
0.7735455
0.69267106
0.9537807
0.82551754
0.90692365
0.8152796
0.7590947
0.90442705
0.7137646
0.8775016
1.0240638
0.9778104
1.0403947
1.0140183
0.87439
1.0111774
0.8691317
1.0244597
0.94659424
0.84291846
1.0204425
0.9681764
0.8339312
0.8410794
0.9693376
0.89864135
0.8698627
0.7881761
0.7864436
0.82036924
0.9308317
0.9694363
0.9270285
0.9500339
0.8343367
0.9032608
1.030992
0.97106624
0.94907093
0.82199407
0.8867779
0.99564207
0.888746
0.9839436
0.9866801
0.88519347
1.053744
1.0504285
1.0547087
1.0286651
0.96117234
0.85666424
0.86725277
1.1217489
1.0455112
0.79408276
0.9988054
0.8635663
0.9387888
0.8550883
0.8207829
0.7399312
0.83139515
0.9045
1.1188264
0.8148767
0.85085475
0.8727684
0.8781353
1.122366
1.0022136
0.88957304
0.82058084
0.86350924
0.888618
0.94575363
0.9067708
0.846792
0.7695519
0.9772165
1.2161806
0.8401573
0.9364044
0.8693755
1.1275826
1.0773506
0.91195357
0.82166374
0.8415612
0.83467627
0.96362805
0.8794841
0.865457
0.8334188
0.8372408
1.0146029
0.9507669
0.9247867
0.94881564
0.9114131
1.0062872
1.0721741
0.802855
1.0531695
0.91985655
0.7963556
0.93815887
0.85894704
0.99189883
0.98094666
0.8411515
0.8514444
0.8772129
0.8866563
0.9234805
0.88408995
1.0700859
0.9643559
0.8184416
0.97464424
0.86343664
0.95818007
0.8381808
0.83890533
0.84797883
0.9298502
0.7741989
0.9651556
1.0276041
0.8410726
0.97537786
0.8421435
0.98856425
1.0456846
0.9350458
0.8891231
0.91536987
0.77354944
0.9431708
0.88902164
0.95560706
0.87272227
0.87962115
0.90014005
1.0358244
0.8421958
0.9237566
0.8357425
0.9055437
0.9776304
1.0560412
1.048236
0.86536837
0.8466314
0.95138097
1.1226189
0.97087324
0.92565584
0.9222467
0.87490535
0.9621401
0.7338867
0.7580975
0.9005116
0.92144656
0.82197946
0.98680127
0.8162499
0.9291005
0.7628331
0.8038833
1.0933511
1.0853581
0.7517091
1.0007145
1.0023948
0.9310514
0.82113457
0.8201833
0.72378874
1.0778706
0.9732151
0.8333788
1.125742
0.85408026
0.90454346
0.74999833
1.0451949
0.9130546
0.93281883
0.90595007
1.1568174
0.8708801
0.8333614
0.9041686
0.9085002
0.8349035
0.8567097
0.7928154
0.81133056
0.8749682
0.85920703
1.1129668
0.99555933
0.87461364
0.88224435
1.1149411
1.0465418
1.0584177
0.7527962
0.942112
1.1997504
1.0447385
1.0234807
1.1440394
0.9071764
0.7444736
0.8791312
0.9645325
0.97836596
0.9245212
1.1968256
1.1095697
0.89502907
0.90235686
0.8010669
0.7392019
0.84035015
0.87733114
0.972724
0.82242227
0.8386702
0.99235046
0.86242163
0.88313484
0.9246278
0.9367462
1.0375705
1.0694789
0.69476324
0.86754125
0.78570306
0.8609873
0.8463906
0.85206324
0.77978253
1.047573
0.97345304
0.87274504
0.99410844
0.8926015
0.8411595
1.0354319
0.8606893
0.86069095
0.9414364
1.0286613
1.1513193
0.93411505
0.96030194
0.8269041
0.9613626
0.86811715
1.0932404
0.88153994
0.81933695
0.77790356
0.84550035
0.9238641
0.9114609
0.87393427
1.0844429
1.0273411
0.9591894
0.937072
0.86611897
0.88097334
0.7477693
0.8065676
0.98621917
0.90198183
1.0466273
0.9182006
0.94274855
0.9232806
0.9880196
0.7688812
1.0453069
1.1326541
0.85921746
0.8628643
0.8598246
0.94289434
0.833356
0.8379229
0.9292079
0.8916438
1.0364287
0.81449306
0.9964584
0.94334215
0.84021425
0.9219527
0.90253365
1.010185
0.9290291
0.8332778
1.1081123
0.9324502
0.95066094
1.1158173
1.0181818
0.96993136
0.9118937
0.83423996
1.009282
0.9565494
0.83217394
0.8535038
0.81027985
0.9949634
0.9036974
0.90011317
0.876239
0.98001564
0.92511785
1.1661302
0.89137316
0.8827144
0.90086436
0.99668133
1.0430715
0.8610028
0.79430187
0.8723557
0.92307854
0.9022542
0.8502358
0.8927081
0.95572084
0.8207375
0.8914963
0.92413855
0.9048728
0.95191145
0.9939034
1.0022078
0.9973129
0.8927171
1.044566
1.0022261
0.8838827
0.8774668
0.9248855
0.8482908
1.002567
0.9910805
0.9999151
1.0818087
0.82187843
0.9266447
1.0598917
0.86571336
1.1830269
1.0131291
1.0255386
1.0190806
1.0336205
0.8403617
0.9247568
0.9090898
0.64062864
1.1610386
0.7309978
0.81284505
0.91994715
0.904847
0.9770227
0.8420454
0.73780453
1.0039154
0.90681136
0.88351923
0.87273085
0.94147235
0.8165622
0.7170745
1.0399349
0.8203245
0.8499099
0.9796723
0.9467907
0.99271846
0.87044966
1.0003797
0.8225101
0.7653718
0.9381318
0.945966
0.8092575
0.91334873
0.9316303
0.89810526
0.96172804
0.79323936
1.1412864
1.0717378
0.9266651
0.85162127
0.80958617
1.047121
0.9203445
0.8698275
1.0953226
0.89247966
0.93482554
1.0013952
0.9227079
1.0554261
0.9926491
0.8420168
0.9283972
1.1320229
1.0126562
1.0134095
0.98202336
0.77195454
0.9683397
1.0930556
0.9301044
1.0246325
1.070163
0.8336749
0.85253555
1.0285267
1.0472391
0.7723558
0.7948849
1.027247
0.9991068
1.0764103
1.1368924
0.97172403
0.9680556
0.97322536
0.86847436
0.7671976
1.1672821
0.88296837
0.8010385
0.95149374
0.9723649
1.1127204
0.956039
0.93735373
1.1931784
0.8434416
1.1019689
0.7629961
0.9626217
0.93649507
0.85702896
0.9116642
0.8617325
1.0648503
0.97387964
0.77251345
1.1016682
0.94830716
0.91142756
0.80409026
0.9336475
0.8800998
1.0525727
1.2311461
0.963027
0.7556234
1.2866693
1.0178113
0.9634979
0.9686106
1.1531813
1.0348097
0.97091395
0.92173827
0.91504765
0.943133
0.90301573
0.9802297
0.842584
1.0332919
0.76811254
1.1480446
0.8908773
0.97722065
0.9923426
0.9161923
0.9311656
1.0671215
0.93812335
1.0409923
0.77357715
0.82681865
1.1014798
1.0590715
0.7126328
0.8695253
0.8616098
1.0579082
0.82336867
1.0674884
0.68244445
0.7560723
1.0871527
1.1558764
1.034978
1.0725831
0.8660717
0.8789542
0.7830602
0.86367893
1.1523612
0.96083975
0.8699923
1.0512531
1.0373378
0.7914744
0.89201105
0.95159173
1.0463607
0.91124237
1.0441473
1.149529
1.0247335
0.82777905
1.0327163
0.994992
0.97643197
0.92848563
0.77610517
0.8642533
1.0154243
0.88860416
1.0968156
0.8651668
0.94880724
0.9124501
1.127061
0.81527364
1.1615424
0.9862391
0.7293918
0.7679997
0.8355477
0.75278115
0.9957943
0.88329947
0.887138
0.9600431
1.0140469
0.93015707
0.9637681
0.84706783
1.1058984
0.79597926
1.1047121
0.99041766
0.9560169
0.8977947
0.9803965
0.95447624
0.87104654
1.0256631
0.9120007
0.8806144
0.8789356
1.1359711
0.83939815
1.0787936
1.0575674
1.1266787
0.80903566
1.1633241
0.97200626
0.80747974
0.9050796
0.99505436
0.8688513
0.90719426
0.92381513
0.9823675
0.98071575
0.761574
0.9582721
0.93144214
0.9009491
1.0257696
0.9518719
0.86564505
0.7936946
0.8856718
0.8421465
0.8116962
0.84510934
0.8688079
0.7996247
0.9001151
1.1238309
0.8546832
0.86342776
0.88759863
1.0087558
0.86948395
0.85684896
1.0108088
0.7209754
0.86609745
0.90082747
0.80426437
1.0840526
1.0319093
1.0173328
1.005875
0.95374894
1.0176232
0.89084303
0.98692775
0.8223314
0.81150764
1.1408843
0.83825004
0.79161227
0.90526474
1.0713623
1.0217772
0.9830307
0.95520896
0.81418043
1.031444
0.85716987
0.79931295
1.060559
0.81720436
0.8165202
0.94577193
0.81588984
1.0746491
0.9930161
0.962214
0.74102616
1.1297561
0.82696795
1.1238341
0.9607031
0.760785
0.9595988
0.83838975
0.86678445
0.94198436
0.810561
0.8158562
0.9279279
1.2246515
1.0806124
0.9452449
0.9030329
1.0151122
0.74724114
1.0896941
0.8683983
1.1089133
0.97050864
0.98336697
0.913076
0.8388556
1.0422355
0.9649855
0.94178545
0.8946297
0.95230895
0.9774598
0.80669296
1.0000737
1.0297623
1.0376376
1.128147
0.8374615
1.017154
1.0234597
0.9862992
1.0387839
1.0532329
0.9782239
1.0490776
0.9774567
0.9098801
1.1134022
0.88592875
0.92315257
0.8530756
0.99770427
0.9604743
1.1973599
0.8957012
0.9683434
0.84921336
1.0050228
0.9462092
0.86144054
1.0417676
1.0844591
0.8844979
0.9451648
0.732695
0.96270716
1.0088718
0.9724148
0.9335233
1.077758
0.90054643
0.99542063
0.8888068
0.85164666
0.96178865
1.1906532
0.91870064
1.0012257
0.92552125
0.8275024
0.9605012
1.1347871
0.7587577
0.79178953
0.9498099
0.764852
0.91123176
0.8077004
1.0181786
1.095067
0.94818366
1.0645232
0.93385684
0.81882304
0.8858955
1.2059674
0.8791474
0.97881806
0.87443066
0.8907733
0.8190004
0.8645357
0.88144267
1.0110058
0.8333031
1.0125043
0.7226658
0.9815974
0.99103224
1.026268
0.8679507
