0.9049751
1.1134462
1.077074
1.1591744
1.0152929
1.0826049
1.0833324
1.1146998
0.9870863
1.1611474
0.9723262
1.124587
1.0803512
1.0870273
0.9784905
1.1117253
1.1496091
1.1067815
1.1217403
1.1629131
1.0436759
1.0701556
1.1839542
1.1403501
0.9605901
0.9435442
1.0119443
1.0741954
1.1865466
0.9812064
1.1717019
1.0662987
1.1222031
1.1412654
1.1027135
1.026123
1.0581324
1.0833945
0.93933105
1.1982696
1.1146983
1.1052978
1.0891902
1.0629178
1.120836
1.1294718
0.9146185
1.1151313
1.0495443
1.1715181
1.1121457
1.0603111
0.82529074
1.0723575
1.0678139
1.070288
0.9797969
1.0338123
1.093708
1.0597037
1.0587084
1.1388317
1.1361502
0.96515596
1.0922161
1.0551221
0.9737001
1.2111304
1.1273651
1.0670071
1.1995511
1.1312973
1.0212696
1.1259816
1.0840344
1.1144788
1.1478069
1.1518562
0.99371564
1.028944
1.1165278
1.0955466
1.1334184
1.1136676
1.0915666
1.0699344
1.0120203
1.2007
1.0402207
0.8775875
1.0360456
1.0962892
0.9972725
1.0391464
1.012961
1.1249676
1.2327107
1.1112418
1.0276682
1.0965378
1.1743634
0.9708781
1.0811918
0.95653296
1.0677055
0.8575686
1.1290245
1.0389063
0.9914366
1.1821663
1.1270913
1.1085596
1.0775542
0.9789602
0.96701765
1.1152087
1.0180315
1.1357427
1.1118827
1.0292566
1.099997
0.98539495
0.9677726
1.0547512
1.0281087
1.1210148
1.1688863
1.0483809
1.159591
1.0477328
1.0700116
1.090915
1.0551414
0.9168856
1.0248253
1.1336765
1.0871031
1.203512
1.0457362
0.96144104
1.0257573
1.0319504
1.1033465
1.0763485
0.85726386
0.99838233
1.1764766
0.9460652
1.0883894
1.0100771
0.98808867
1.0674062
1.0759888
1.0579829
1.1378753
1.0359594
1.035214
1.0186597
1.0754032
0.9288631
1.1129669
1.0592365
1.0388016
1.1282644
1.1459954
1.1269503
0.929333
1.1390233
1.1315646
1.1211178
1.1561736
0.8910614
1.0351146
1.0482335
1.2495148
0.94879824
1.1340153
1.144768
1.1515083
1.1756637
0.94609576
1.1677573
1.0478382
1.0138931
0.9216843
1.209486
1.0172391
1.0290205
0.94527984
1.0861619
0.8864959
1.1197774
1.1759493
1.094301
1.0789025
1.1307948
1.0494207
0.9764223
1.0160122
0.99214137
0.98931193
1.1053329
1.0969176
0.9858871
0.9351615
0.83737504
0.8603155
0.9941157
1.1058104
0.9961387
1.1216547
1.0515611
0.9582857
1.017035
1.1196173
1.0938575
1.2249877
1.1800563
1.0768069
1.2079965
1.0607656
1.1212082
1.0412498
1.1031601
0.9590575
1.0982835
0.91398555
1.2052433
1.0827553
0.93793833
1.059927
1.1095241
1.0443456
1.0811667
0.9466385
1.0360057
1.187231
0.88630944
0.9484864
1.0754704
0.9607152
1.1154985
1.0527174
1.0046291
0.96029484
1.2365956
0.98640394
1.1969237
1.1563473
0.9333754
1.054638
1.0240583
1.0686218
0.94755256
1.0017986
0.90977794
0.99346215
1.1169671
1.0616581
1.1641359
1.1111021
0.9940357
1.0204244
1.1171502
1.082253
1.2214719
1.0316051
0.9686339
0.9809605
1.1062636
1.1725717
1.199254
0.88193876
1.0762662
1.0175598
1.0629411
1.0986829
1.162325
1.1153016
1.1872007
1.0670269
0.99408674
1.1541202
1.0382998
1.0350668
0.954266
1.2010221
1.0528533
1.1485833
1.1030397
1.0450699
1.0905662
1.1055759
1.1979651
1.1477299
1.0059024
1.0460438
1.1209971
1.1174966
1.1469052
1.0896158
1.1137602
1.1104124
1.1777812
1.1017071
1.1800076
1.1470522
1.1718775
0.97791266
1.1424689
1.198482
1.0560033
1.199873
1.076
1.0104855
1.1527257
1.0808544
1.0866016
1.0517524
1.070102
1.0031356
1.018888
1.1047652
0.9993637
1.1474802
1.0706798
1.0578814
1.1196041
0.96196544
1.120193
1.0890124
1.1761627
1.157454
1.1267879
1.0729792
0.9739549
1.1132603
1.1576226
1.1622758
1.141757
1.1173012
1.0124054
1.0897744
0.9992598
1.1238614
1.1509929
0.97717905
1.1674372
1.0867665
1.0081264
1.0965216
1.0397401
1.166563
1.0399842
0.98466396
1.0957206
0.9946395
0.9036819
1.0258127
1.001322
1.0668486
0.96528363
1.1520693
1.1704094
1.1807122
1.0468805
1.2023098
0.8133697
1.0897026
0.9876652
1.0390829
1.1065468
1.0691345
1.0690322
0.9290004
1.1027532
1.0246944
1.1650956
1.0038767
1.0804408
1.0153699
1.1684635
1.1078782
1.122295
1.1345856
1.1775026
0.90273297
1.0021446
1.1442323
0.95449466
1.0824538
0.998909
1.2029309
1.1010563
1.1167698
0.94704086
1.1895508
1.1372671
1.1216035
1.0887644
0.941832
1.1670783
1.1079503
1.1357269
1.1146697
1.1140423
1.038089
1.1194029
1.042825
1.2091503
1.0020329
1.0926515
0.9934455
1.1356604
1.1561165
1.0497789
1.1258754
1.0102794
1.0610137
1.0119622
0.8444014
1.1636922
1.1402607
1.1371293
1.0366892
1.039942
1.0579473
1.1022074
1.0338631
1.1672167
1.1551408
1.1290995
0.93845654
1.0388768
1.0376647
1.106828
1.0477169
0.9607533
1.0641048
0.9674847
0.85870403
1.0799129
1.180341
1.0451963
1.17095
1.1039417
1.0262387
1.1775067
1.1202631
1.0049753
1.1110027
1.0213352
1.1588714
1.1519365
1.2325053
1.153556
1.1543081
1.1400342
1.1581521
1.0117568
0.83885205
1.2036748
1.0864809
1.0732198
1.0610775
1.1675066
1.1236954
1.0709275
1.238164
1.0849005
1.1935146
1.1128868
1.1527672
1.1247681
1.0697968
0.9275069
1.1525445
1.0756087
0.9366034
0.93358046
1.0993994
0.9020022
1.0896549
1.1701622
0.9335412
0.8714605
0.9982007
1.1351993
1.0137703
1.1535043
1.0730546
1.1572773
1.0862508
1.1603882
1.159645
0.9143636
1.0259714
1.1413155
1.1067176
1.0581706
1.0297837
1.0381687
1.1056259
0.959755
1.0074675
1.1920776
1.1376863
1.0429928
1.0329199
0.9105195
1.1237106
0.9633881
1.1149223
0.9473386
1.0854255
1.118428
1.0960113
1.1317337
1.0333123
1.1250645
1.1185528
1.0103004
1.1738057
1.0859157
1.0034273
1.1257632
1.1936305
1.1003232
1.0718839
1.1096065
1.0425844
1.0828164
1.1149691
1.0225742
1.0092418
1.0644786
1.1018913
1.0255213
1.0061682
1.0426877
1.0235485
1.1408379
0.9827327
1.0020952
1.0431318
1.0779066
0.88436097
0.973933
0.98601246
0.97557056
0.92141485
0.96112823
0.83227813
0.9827296
0.93879634
0.81021595
1.1045074
1.0721503
0.93473995
0.8226491
0.90048814
0.8647369
0.9393679
0.86947227
1.1016779
0.8781093
1.0067177
0.9397795
0.91283643
0.9259253
0.9774916
0.9682882
0.9227891
0.98724604
0.93116736
0.8415638
0.7866503
1.0409081
0.95024645
0.83693564
0.9773097
0.979739
0.97785264
0.90171003
0.9799692
1.0710634
0.94205534
1.0141926
1.0055143
1.0250034
0.89164
0.84967
0.9962175
1.0043621
0.8697306
0.9999945
0.8511139
0.9367809
0.851684
0.932426
0.8357558
0.9849986
0.9576411
0.85382473
0.8773148
0.9123223
0.9661436
0.972759
0.9858411
0.78611195
1.1849422
1.0156735
1.116251
0.9185505
0.85099995
0.9553806
0.943644
0.955311
1.1385299
1.1521959
0.9131792
0.85112256
0.9695841
0.9196298
0.82658374
0.77995574
0.8920859
0.8498504
1.0426219
0.86954606
1.0034754
0.9585282
0.9133667
1.0023521
1.1520905
1.1238928
0.9713266
1.1884055
0.8974446
1.0788747
0.8310728
0.98403424
0.88475764
0.93782234
0.96147674
0.92703295
0.8573468
0.9333224
0.99375105
0.984234
0.9814278
1.0409615
0.8916465
0.8947923
1.030716
0.9674742
0.81834006
1.0348341
0.9120444
0.97652936
0.94707525
0.8113444
0.9594117
0.8111054
0.84994084
0.9145135
0.96778375
0.9472083
0.8110008
1.0554304
0.82225454
1.0544486
0.9188118
0.920518
0.84528756
0.9886731
0.988526
0.9646667
0.9895262
0.86156535
1.0367434
0.8653324
1.1644449
0.915323
0.9123851
1.0389688
0.8894586
1.0150454
0.9067165
0.8738798
1.0224364
1.0836658
0.8626259
0.843073
1.0012276
1.0006233
0.94389963
0.8520833
0.87413454
0.96106315
0.9602097
0.8432313
0.83361286
1.0276253
0.85148966
1.0760771
1.081829
0.9401517
1.1489639
0.89714307
0.91621166
0.80568796
1.0570087
0.9405112
1.0245838
1.0422521
0.9212285
0.87692523
0.7869978
0.99315214
0.88587147
1.1023461
1.0466311
1.072961
0.8595177
1.0259906
0.9815208
1.0225303
0.92886555
0.9582075
0.9445896
0.83279526
0.8865976
1.0394039
0.89206576
0.90686816
0.89044446
0.8776101
0.8879764
0.9685717
0.93225
0.890252
0.9457059
0.8729385
0.9729078
0.8715879
0.9258268
1.0241388
0.97051144
1.085016
1.0414516
0.8728912
0.90801907
1.0015986
1.1109324
0.8796656
0.9087393
1.0523298
0.9573768
0.809259
0.9851368
1.0796158
0.89226604
0.94541895
0.99193454
0.978338
1.0297453
1.0704389
0.84317726
0.8780906
0.81232786
0.85286844
0.97377014
0.94730556
1.1017628
1.0235677
0.8696223
0.8743726
0.9230751
1.0312214
0.8701533
1.1359925
0.8238028
0.9085307
0.915465
0.9495336
0.77716446
0.9823898
0.9502907
0.9580637
0.9545062
0.9923849
1.0225422
1.0784483
0.95506454
1.0165849
0.84097683
1.0297613
0.8299157
1.0118577
0.8578062
1.1686792
0.92126954
0.8210124
0.97818387
0.8700036
0.94632983
0.8484452
0.9396415
0.9472658
1.0257759
0.9229844
0.8755131
1.0248095
0.9428549
0.9454453
0.9047537
0.960973
0.9470453
1.0133513
0.99419343
0.94816595
0.8641771
1.1365626
0.9509176
0.961012
0.82170874
0.9656539
1.0174288
1.0263282
0.8447819
0.96986413
0.9389907
0.84849364
1.0349022
1.1273956
0.9810288
0.8534154
1.0173306
1.0044723
0.90239155
0.9181142
0.9265443
0.93397975
0.915308
1.0415767
1.0252712
1.1777116
0.9794829
0.8007756
0.9486482
1.0182368
0.8229724
1.1170402
0.8389094
0.8349325
0.9369234
0.90895486
1.0526989
0.8799076
0.9586221
0.8255971
0.88384104
1.0271425
0.9711525
0.9073932
0.8635653
0.87026614
1.072537
0.8739395
0.9762365
0.9783081
0.83297014
0.79008776
0.91478276
0.916028
0.90276325
0.92889965
0.9559601
0.9563024
0.9725152
0.838071
1.0401423
0.85132563
0.8533038
0.91154677
0.980265
0.88037395
1.0492865
0.99989116
0.85452974
0.8937596
0.8797573
0.92568994
0.926787
1.143146
0.9558951
0.9116654
0.8883071
0.98665375
0.94218504
1.0919483
0.9031518
0.8473464
1.0498548
0.9249195
1.03104
0.89519936
0.88608146
0.8995285
0.7898171
0.8779448
0.97619855
1.0034925
0.98012495
0.85687333
0.98418915
0.8503202
0.9947698
0.9259442
0.9756797
0.8786309
0.9248197
0.9807177
1.0859782
0.8166467
0.97918105
1.0376081
0.9614085
0.89644
1.0929527
0.9694464
0.9898603
0.88566756
0.93301356
1.0346954
0.9159023
0.8864205
1.016465
0.8376567
0.9371109
0.9348386
0.9037116
0.786602
0.971496
0.9709261
0.95740175
0.9056967
0.8268212
0.9064603
0.88107926
0.9610384
1.0382888
1.0477774
0.9666562
1.0615312
0.8759657
1.1044898
0.89564526
0.969374
0.92712396
1.273217
0.98874533
0.8552296
0.89486015
0.9208684
0.9951489
0.94915855
0.95354736
0.90694726
1.0610561
1.0525606
0.9322854
0.88472307
0.9068674
0.9500079
1.0037999
0.82615316
0.8694997
0.84254444
1.0788938
0.98020643
1.0519236
0.9525021
0.90211743
0.89156127
0.9153167
1.0583417
0.85885894
0.99998885
1.0268612
0.88022673
0.8375617
0.8601251
0.896452
0.89720035
0.91111034
1.0154274
0.86857307
1.0577383
0.9053433
1.0351604
1.0834317
1.1551471
1.0539838
0.9388118
0.8221711
0.91162384
0.9016397
0.9490039
0.9759296
0.9544922
1.0262673
0.86984026
0.9256021
1.0412388
1.0183679
1.0671613
0.87672615
1.017175
0.9976406
1.056428
0.98569584
0.9241512
0.8485718
1.1291683
1.0626234
0.86440027
0.85215294
0.8489659
0.855085
0.9318986
0.89899695
1.0537006
1.0789449
1.0300488
0.8802291
0.91424084
0.8479841
0.93920493
0.8972969
0.86360323
0.8833763
0.9722886
0.9454889
1.1238543
1.083267
1.0692594
0.90974355
0.89093226
1.1391509
1.1381664
1.1275878
0.976974
0.9768065
0.9308702
0.9194332
0.84986305
0.9133281
0.9729763
0.87281716
0.9824369
0.76187056
0.93172204
1.0243211
0.96184665
1.0332675
0.9649269
0.9335114
0.9079296
0.9495944
0.94703174
0.8254123
0.9154003
1.0404462
1.0239977
1.0363145
1.0220802
0.93626887
1.0299876
0.94728017
0.9453731
0.9740097
0.9406361
0.9877876
0.9060466
0.94166905
0.8334298
0.8884983
0.89490163
1.0906184
0.9008062
