0.77886903
1.2002342
1.0081937
1.1604934
0.9679315
1.0824344
1.0977813
1.1255927
0.9492667
1.1458013
1.0201874
1.0865185
1.0361673
1.1379988
0.9109443
1.1556875
1.2121184
1.2719648
1.0926864
1.2798345
1.0604655
1.1497891
1.1216588
1.1221472
1.057834
0.9691782
0.9354349
1.0826299
1.2675389
1.0257384
1.1779444
0.99802154
1.1174676
1.2270424
1.0510627
1.1953664
1.1130805
1.1897156
0.98037136
1.2237028
1.23649
1.2984121
1.1033235
1.0315125
1.005303
1.0646882
0.76822853
1.1030853
1.1552839
1.1599934
1.2271882
1.0239047
0.8205141
1.0153406
1.030996
0.8989368
0.9105876
1.152166
1.14873
1.0806892
1.09286
1.0977365
1.146821
1.0897094
1.1122183
1.0395743
0.8901799
1.245624
1.1751751
1.0087408
1.3749777
1.1427974
1.0388093
1.2117525
1.1002159
1.0944741
1.1424193
1.0959388
1.0310199
0.95181763
1.2125585
1.0108912
1.1120089
1.1093755
1.1127646
1.2436538
1.0130904
1.163943
1.1087615
0.80082715
1.254072
1.0693146
1.0585393
0.892365
1.1270785
1.0117509
1.3328018
1.2660851
0.8908881
1.1316609
1.2570701
1.0541394
1.1147361
1.0225136
1.1056794
0.89898247
1.0456796
1.0956872
1.1299665
1.1579325
1.1590897
1.0947068
1.1656647
1.0999165
1.1103843
1.006899
1.1202937
1.1305094
1.119469
0.96220386
1.2157927
0.884796
0.96211827
1.0243058
1.0112233
1.071728
1.1020489
1.0238723
1.163016
1.2181967
0.99736714
1.1618118
1.0227792
0.86914
1.1213595
1.2085925
1.1281772
1.2435046
1.0853889
1.1281013
1.1048584
1.0189219
1.0217861
1.0796559
0.7969933
1.0337987
1.2904019
0.8935238
1.0462433
1.1723071
1.0208948
1.0664551
1.243645
1.0957541
1.126575
1.0567081
1.2004186
1.0844691
1.1525388
0.9740836
1.0097399
0.97952616
1.0455958
1.1462
1.1989979
1.1872008
0.95705545
1.1308503
1.2455764
1.1504927
1.1407577
0.8792671
1.0727422
1.047138
1.0496197
0.88649356
1.1479563
1.1765618
1.1215955
1.084305
0.9385109
1.2585825
1.0525202
1.0045244
0.945495
1.2433311
1.0652919
1.0886524
0.89546
1.0875614
0.88260186
1.0887921
1.3219788
1.114079
1.205877
1.2371134
1.0512801
1.0097426
1.1029587
1.0213281
1.1603978
1.1033691
1.0952668
1.0032562
0.94809073
0.83742416
0.86435103
1.0374684
1.1284552
0.96609926
1.1088843
0.8782408
1.0320611
0.97730273
1.0910834
1.0907043
1.2270212
1.1727848
1.0419941
1.1241404
1.1167843
1.0870196
1.067646
1.1934035
0.9671374
1.159248
0.89399874
1.2127538
0.9991982
0.92774624
1.1204312
1.1539946
1.0001626
1.075387
0.8732598
1.0461425
1.2212901
0.9115827
1.0176405
1.0927578
0.92955387
1.063176
1.1443149
0.9994605
0.9783298
1.291143
0.9704666
1.3124743
1.2788833
1.0856937
1.2196031
0.9509797
0.97959334
0.86613613
1.0927844
0.8917681
0.9999521
1.1102806
1.0038254
1.1450937
1.2256181
0.9894346
0.9603169
1.1539303
0.9961101
1.2229748
1.046489
0.94984376
1.0042126
1.1664145
1.165111
1.2872328
0.8066898
1.1845107
0.9149083
0.7740277
1.0576919
1.1840134
1.1982782
1.3277848
1.18558
1.0030426
1.2185528
1.2439256
1.2181387
0.9997229
1.2328248
1.0530889
1.1862669
1.2038581
1.023461
1.2754834
1.1284161
1.4543419
1.1998317
1.0932301
1.019102
1.2609398
1.2937365
1.11731
1.1964574
1.1417437
1.1177735
1.1989508
1.0912132
1.1489551
1.1278338
1.1698384
0.991214
1.2331243
1.1688529
1.1474057
1.2198958
1.0263389
0.9931004
1.1371075
1.0417439
1.0840547
1.1005027
1.1254814
0.8668697
1.0321047
1.1670051
0.9641823
1.1094772
1.1486778
0.9375032
1.1098573
0.9338143
1.1259186
1.1023927
1.2459311
1.0035597
1.1863078
1.1880432
0.92533636
1.150912
1.2458634
1.1437314
1.1105795
0.9960524
0.9929291
1.1258416
1.0919304
1.256594
1.144696
1.1092556
1.1506537
1.0534817
1.0848181
1.0772952
1.1052865
1.2298028
0.9830819
0.97568357
1.0978302
0.73063916
1.0075696
1.0339818
1.0116111
1.1917245
0.9744141
1.3091006
1.2018259
1.1647855
1.1841525
1.2528422
0.97027594
1.0239657
1.0757825
1.0505261
1.0744138
1.2942212
1.0973498
1.0918393
1.0930815
1.1261196
1.1616187
1.1385236
1.176923
0.987309
1.2461553
1.1289213
1.0625106
1.0672516
1.1144879
0.8228572
1.0432845
1.0865637
1.0336521
1.0827746
0.9894746
1.2353628
1.0976069
1.163969
1.0040756
1.3100522
1.0604701
1.1792719
1.0609281
1.0722102
1.2548122
1.1236341
1.1144627
1.178801
1.1159358
1.0328293
1.1158913
0.9903066
1.2048446
0.9965002
1.0669959
0.911844
1.0832323
1.167661
1.2720908
1.1293741
1.0156506
1.0317969
1.113735
0.78764474
1.0531938
1.1855087
1.1098399
0.98854774
1.1820931
1.0530753
1.1403289
0.9647485
1.2022618
1.2123597
1.066223
0.97337484
0.9852321
1.0842805
1.0232177
1.1057713
0.99868894
1.018013
1.0813375
0.756765
1.1186702
1.2396877
0.9751731
1.2134192
1.1067519
1.0484123
1.1013665
0.9957089
1.0328676
1.1183596
1.1592059
1.1702087
1.1518412
1.2127448
1.0699683
1.1911626
1.3233527
1.3245344
1.0524821
0.81744325
1.3272334
1.1147281
1.10805
0.989792
1.1779158
1.1635904
1.1271482
1.1644495
1.0583228
1.206815
1.0975081
1.1934488
1.0865812
1.2109637
0.84990185
1.2632239
1.1040545
0.87472546
0.92228395
0.9523189
1.0085434
1.176774
1.104141
1.0177596
0.8267519
1.131827
1.152781
0.9424869
1.0893248
1.0648522
1.2677193
1.0849248
1.2539032
1.1914642
0.883618
1.072969
1.3331518
1.1677144
1.1562414
0.97359216
0.9674876
1.1221561
1.1646457
1.0478489
1.2060174
1.0669324
1.254109
1.1257036
1.0451007
1.1071284
1.0092397
1.1536672
0.8828245
1.0868837
1.1864165
1.1467671
1.3112719
1.0516205
1.0463312
1.0624598
0.97041655
1.1476165
1.0190032
1.0103954
0.9884654
1.2090323
1.166296
1.1526856
1.1316848
1.1082232
1.1533196
1.207709
1.0797734
0.9597191
1.1767306
1.1040103
1.0160642
1.1135561
1.1299093
0.97877234
1.174916
0.95504797
0.8912221
0.99596375
1.035592
0.85306144
0.9828193
0.9828998
0.9470197
0.79802203
1.0181283
0.69415677
1.0025778
0.9553108
0.7353491
1.0092206
1.1151074
1.0300319
0.74102664
0.8157793
0.7617843
0.852908
0.82980955
1.078238
0.8640623
0.98881936
0.907815
0.8511804
0.91390026
0.9872591
0.90693873
0.9562607
0.91707706
0.84037745
0.84996784
0.75274765
0.9547589
0.8823021
0.74814016
0.91966724
0.9654232
0.8763868
0.9336473
1.0093338
1.1139731
0.9144782
1.0676484
1.059196
1.0272121
0.8518505
0.75518095
1.0460888
0.924839
0.9269541
0.92589897
0.7650207
0.9240867
0.9142978
0.84581727
0.79059374
0.89292395
0.922467
0.91623676
0.75953937
0.80309945
0.9830845
1.0149953
0.9669597
0.781147
1.2511464
1.0313609
1.2035475
0.9582026
0.9130558
0.962485
0.9568815
0.9706433
1.1172429
1.115067
0.97530997
0.76875395
1.1930835
0.97786856
0.8311235
0.79871213
0.9681003
1.0063434
1.0276899
0.8474486
0.9606544
0.95553696
0.9748172
0.9216131
1.1551775
1.0473689
1.0445085
1.1448832
0.8491293
0.9585092
0.75478995
0.8867787
0.7694634
1.0956112
0.91275907
0.8779242
0.90590453
0.8877538
1.0034091
0.9771263
1.0125512
1.0300037
1.0547937
0.85788596
0.9999367
0.89206934
0.9214446
0.98267424
0.8897252
0.96502495
0.88253593
0.7885178
0.99624765
0.87308776
0.8615376
0.94579476
0.96416044
1.1311623
0.79492533
0.96961635
0.7833375
1.105056
0.9263394
0.99266064
0.87970746
1.074844
0.921787
0.97765243
1.2405078
0.8146519
1.056709
0.89966893
1.277179
0.9389075
0.8930887
0.9588115
0.80929875
0.95677507
0.94755507
0.98994756
1.039114
0.9891794
0.8572109
0.8419292
0.96144295
0.9544568
0.9535121
0.9627904
0.8532798
0.90361345
1.0257146
0.77924705
0.80407846
1.0199872
0.7917149
1.1259
1.1386498
0.92512715
1.1113319
0.9453666
0.86696714
0.78870606
1.0644152
0.88920075
1.1818388
1.0058389
0.790782
0.8923204
0.802536
0.9918101
0.8030586
1.0181503
0.99860644
1.0056611
0.7568712
0.9571775
0.8434571
0.9157212
0.7896924
0.8459464
0.9131192
0.72995985
0.852527
0.99283683
0.7428467
0.9172939
0.91234815
0.8755504
0.91519046
0.935238
0.8684553
0.8983147
0.94516927
0.8286133
1.0480577
0.84589654
0.86763716
1.0833714
1.0009302
1.0832865
1.0029118
0.7815572
0.91213846
0.96155775
1.0288552
0.9436362
0.77856535
0.9490452
0.8398306
0.7016226
0.9888972
1.0951936
0.8916558
0.8634119
1.0175605
0.94627225
1.0489345
1.054973
0.8411231
0.8321777
0.8054421
0.81864464
0.88443875
0.97063017
1.0567906
0.9831351
0.8492363
0.8247876
1.0100855
0.95021844
0.8298229
1.1043354
0.86922264
0.8322346
0.89770055
0.90672964
0.8357663
1.1415352
0.95009536
0.9187036
1.0041223
0.9262099
0.94874847
1.0503956
0.880398
1.0493085
0.83727866
0.92611
0.75801754
1.0502245
0.84428453
1.2737677
0.9783481
0.8558395
1.100011
0.83454
0.9740201
0.7853159
0.9749017
0.8074087
0.9698633
0.92437303
0.83676016
1.0423257
0.835204
0.91195107
0.94719225
0.8631525
0.99475586
1.1941459
0.93855953
0.9597674
0.7831193
1.1187091
0.91296303
0.94612753
0.65509474
0.9456117
1.0792565
1.0155411
0.9210477
0.94177115
0.88127553
0.72787195
1.0679178
1.1258789
1.007761
0.8328028
1.0349412
0.9641875
0.8734015
0.99644864
0.9729941
0.8939593
0.9258152
1.1229386
0.9049684
1.1696411
1.0018932
0.845598
0.9016943
1.0251509
0.8063372
1.1138072
0.85238445
0.8553475
0.8996651
0.91673774
0.9739093
0.8019335
1.0217623
0.8734001
0.7438328
1.015624
0.922896
0.7673129
0.77829003
0.9084375
0.9038735
0.75711703
0.88353944
0.8631829
0.81795
0.87821925
0.90382814
0.8774644
0.88996017
0.96965885
1.0247514
0.9353107
0.88089097
0.84364974
0.9206184
0.7824825
0.91958785
0.84060854
0.91097224
0.8265734
1.000365
0.9821062
0.75331295
0.79387736
0.9181955
0.9273385
0.8288473
1.2958813
0.9937325
0.93214077
1.0115058
0.9241903
0.8685876
1.3095343
0.8806176
0.9054694
1.0057111
0.95721745
1.0219388
0.9129306
0.7927247
0.863433
0.67217076
0.94053066
0.91001713
0.95978844
1.0031272
0.8076513
0.9577918
0.8757652
0.9539144
1.0367163
0.9787905
0.8429544
0.96704495
1.0016675
1.0416975
0.8616557
0.9501991
1.0896797
0.8753024
0.9038576
1.1381098
0.91420174
0.9956353
0.7972041
0.9863099
1.043187
0.8970405
0.9376148
0.9722857
1.0552332
0.85037655
0.9040446
1.1210476
0.6838888
1.0262916
0.92175674
1.0219301
0.9409425
0.75214875
0.7993904
0.90360975
0.91834867
0.96506214
0.9839438
0.9968841
1.0897677
0.89315146
1.1279886
0.82327133
0.9518554
0.9807477
1.3953135
1.039851
0.8246261
0.9243033
0.8058765
1.0239763
0.8535515
0.9912354
0.9088695
1.0744243
1.0623147
0.8995378
0.95481443
0.83859336
0.9153149
0.91719866
0.8435075
0.861364
0.77677226
1.1053915
0.97205096
0.9849896
0.9637656
0.8882312
0.86730164
0.9360327
1.0838662
0.8139411
1.0547497
1.1229486
0.93306816
0.9190651
0.7913568
0.6979364
0.78858507
0.9003955
0.9711628
0.8076252
1.0792055
0.9645691
1.0336727
1.1140554
1.0716381
0.9881661
0.9959701
0.7519458
0.8775399
1.021051
0.96806353
0.9856235
0.90372574
0.9537771
0.92491126
0.8572747
1.0099366
1.034148
1.0349231
0.9644375
0.9950528
0.9133965
1.117477
1.0197958
0.9301102
0.7601242
1.0390548
1.1108861
0.66698754
0.8711009
0.8753451
0.8230318
1.1066451
0.81061757
1.0487323
1.0222367
0.9914793
0.9328543
0.95580614
0.90001726
0.93737316
0.8877142
0.81052744
0.96662486
0.9036286
0.954772
1.1776069
0.94909286
1.2194028
0.8672092
0.75326645
1.0694982
1.1817682
1.13123
0.95639867
0.9560176
0.92999494
0.84427476
0.8326558
0.92294073
0.82079273
0.9339156
0.9215697
0.74818194
0.942881
1.0171021
0.86054766
1.0590191
0.8964622
0.8987209
0.9665035
0.8570472
0.85177225
0.8509759
0.94496644
0.9909408
1.0738916
1.0009592
1.0473698
1.0129826
0.9607992
0.95051265
0.91745496
0.9506085
0.96766806
0.9087653
0.83660376
0.7601932
0.8707914
0.9004932
0.88623625
1.1674594
0.8531033
