0.9095464
1.1230903
1.048541
1.1474826
1.0354385
1.055911
1.099574
1.1027979
1.0019033
1.1441183
0.96008885
1.0879503
1.0363324
1.0954266
0.9801055
1.1285532
1.142983
1.0863045
1.1486751
1.1577601
1.0611267
1.0680571
1.1776909
1.1490273
0.9548657
0.97657394
0.98894274
1.0827336
1.222328
0.9934865
1.1735244
1.0690149
1.1101413
1.1325438
1.1034185
1.039781
1.0568297
1.0788736
0.9433435
1.1932564
1.1010394
1.1266766
1.071166
1.0788817
1.1051551
1.0817075
0.9148574
1.118001
1.0512929
1.1665051
1.1155634
1.000809
0.82635164
1.0492082
1.0883889
1.0645843
0.99161667
1.0335343
1.0851068
1.0403478
1.0739975
1.1449397
1.1365166
0.97599995
1.0902729
1.0566115
0.96138585
1.2146332
1.1214676
1.0704794
1.1946677
1.1293435
1.0451984
1.1260254
1.085612
1.0947475
1.1471648
1.1515313
1.0084752
1.0462542
1.1149582
1.0488057
1.1468678
1.1060009
1.084938
0.9692397
1.0104288
1.1944147
1.0397534
0.89748067
1.0641545
1.1090782
1.0221062
1.0341132
0.99983525
1.1185327
1.2321782
1.1347255
1.0552238
1.0859914
1.1979347
0.9835994
1.0918002
0.97799885
1.0585256
0.86742646
1.1134849
1.0087672
0.9576849
1.1790535
1.1443082
1.1116221
1.0713547
1.0008656
0.94944847
1.109904
1.0243738
1.1401668
1.0984445
1.0298917
1.1265117
0.946751
0.9642684
1.0487019
1.0013125
1.1127545
1.1679053
1.0347786
1.1716511
1.0779624
1.0782421
1.1202774
1.0502713
0.91040134
1.0356749
1.1006114
1.0919547
1.2058468
1.0563159
0.98558396
1.0216881
1.0296906
1.093423
1.0858667
0.86032647
1.0425959
1.1678344
0.9380846
1.0784488
1.0553352
1.0078182
1.0783918
1.0723894
1.0474515
1.144382
1.0492065
1.0364802
1.0401713
1.0787568
0.9349361
1.1246285
1.0377842
1.0759709
1.1472449
1.1660987
1.1226128
0.9471874
1.1333978
1.1296055
1.1167966
1.1760654
0.8808024
1.0571467
1.0252874
1.1292963
0.94802046
1.1185303
1.1296859
1.1413968
1.1728437
0.9498137
1.1584122
1.0589925
1.0621024
0.97687453
1.2124125
1.0408238
1.0466628
0.9520585
1.0874622
0.89148986
1.1360552
1.1794496
1.1092088
1.086653
1.1471391
1.0357676
0.996381
1.0294342
0.99135447
0.950031
1.0942489
1.1103294
1.0180404
0.9562213
0.8640169
0.8258557
1.0178274
1.1048164
0.98561764
1.1462995
1.0321646
0.9624568
1.0111452
1.0476291
1.0938895
1.2212102
1.1753356
1.0660787
1.1929545
1.0680656
1.118813
1.0312421
1.0988009
0.9642329
1.0865455
0.9274582
1.19706
1.0869274
0.9391818
1.051743
1.1056871
1.016855
1.0799403
0.95774657
1.0304363
1.1827627
0.8930912
0.9509555
1.0693108
0.94773126
1.1156816
1.0539707
1.0052583
0.9413872
1.2388968
0.9871466
1.1759906
1.1755449
0.9268824
1.0700157
1.0329243
1.0205557
0.93053067
1.0535371
0.9073506
1.0029216
1.1177355
1.0631825
1.1505593
1.1200678
0.9985335
0.9673337
1.1240143
1.0984848
1.2199794
1.041971
0.96649075
0.9657887
1.08857
1.161855
1.1929927
0.8712609
1.0766194
1.025419
0.7067804
1.0824808
1.1470349
1.1384798
1.191824
1.0744743
0.96580034
1.1466074
1.0510211
1.0422037
0.9549896
1.228028
1.0432925
1.1380677
1.1047162
1.0385802
1.0983222
1.1079605
1.2241107
1.1492673
1.0210667
1.0450466
1.1074847
1.1249276
1.1552765
1.107918
1.1049912
1.132592
1.1634941
1.0939949
1.1700236
1.1371349
1.1162508
1.0170586
1.1457895
1.1901401
1.0383413
1.198448
1.0612499
1.0214646
1.1448107
1.0811114
1.0751239
1.0591406
1.0803447
0.9889632
1.0292828
1.0971358
0.99689233
1.1522186
1.0737183
1.0625527
1.1216727
0.9503852
1.1129935
1.0949254
1.1827936
1.1531725
1.1513336
1.0399399
0.9686964
1.0720005
1.1798713
1.1616596
1.1332206
1.0959003
1.0212507
1.1076834
1.0109125
1.1200113
1.1357347
0.980796
1.1789455
1.0703359
1.0304852
1.0881664
1.0630294
1.1644075
1.0121884
1.0132256
1.0908501
0.7370969
0.8896196
1.0234318
0.9866998
1.089149
0.9804522
1.1402972
1.1560509
1.1688159
1.0680704
1.1909068
0.85482794
1.101114
1.0051724
1.0303812
1.0973163
1.0846584
1.104634
0.94613767
1.125029
1.0223837
1.1026984
1.0193418
1.0924616
1.0186672
1.1985607
1.1072143
1.1128322
1.070568
1.1732295
0.8997619
1.0297165
1.1357398
0.95510507
1.0901775
0.9944751
1.1986356
1.1019952
1.1226602
0.9134842
1.2077783
1.1280279
1.1097007
1.0775764
0.9361708
1.1655793
1.1048996
1.1321652
1.1149544
1.1097274
1.0428467
1.11899
1.0421083
1.2021673
0.947101
1.105802
0.98319185
1.1305203
1.1543311
1.0713482
1.1346445
0.9945747
1.0287426
0.993893
0.8685442
1.1088538
1.1595004
1.1147842
1.0546838
1.0271283
1.0593867
1.1026399
1.0213323
1.1656107
1.1565018
1.1277019
0.9535915
1.0295749
1.0435231
1.0952984
1.0531774
0.93332833
1.0562396
1.018928
0.84862256
1.0745351
1.1688902
1.0510387
1.1697091
1.1224592
1.0197047
1.1720712
1.1462773
1.0068966
1.1271578
1.080683
1.1602355
1.1548305
1.2073197
1.1420648
1.1438158
1.1426167
1.1464612
1.0498309
0.83512723
1.191894
1.0825934
1.0849824
1.0804882
1.1933696
1.1202253
1.0874778
1.2439785
1.0763917
1.1930008
1.1126038
1.1520298
1.1449885
1.0756234
0.93838847
1.1601934
1.0768576
0.93964314
0.9418769
1.1145749
0.92614883
1.1274959
1.1666068
0.9367831
0.8833746
0.97811294
1.1398972
0.9920844
1.1656127
1.0855775
1.1684835
1.078715
1.1728387
1.1539645
0.92261904
0.99096817
1.1445094
1.1164092
1.0479769
1.0262952
1.0465225
1.1133846
0.99681544
1.0008607
1.1793497
1.1099153
1.0485686
1.0503258
0.906779
1.1259665
0.9629884
1.1097617
0.9279799
1.0819337
1.124131
1.1046255
1.1231198
1.034444
1.126138
1.0978892
1.027648
1.1880541
1.0799611
1.020045
1.11404
1.2048246
1.1017933
1.0771279
1.1114099
1.0485934
1.0927166
1.1053255
1.0277462
1.0281783
1.0542479
1.0977838
1.0257993
1.0333924
1.0377862
1.0397216
1.1283346
0.99307454
0.9519863
1.0300741
1.0234101
0.8972513
0.9764476
0.9854744
0.9490749
0.93069994
0.9856141
0.8482291
0.99743605
0.95562685
0.79805326
1.0889863
1.0495143
0.964234
0.8216796
0.9192301
0.86182517
0.9513285
0.86806005
1.1107422
0.88459104
1.0013878
0.9555501
0.9101131
0.9288898
0.9636464
0.96541303
0.9065868
0.99652696
0.916119
0.85008264
0.8090409
1.0246165
0.9686358
0.81003225
1.0021193
0.9944365
0.9668704
0.90412164
0.98508596
1.0686901
0.9447508
1.0217075
1.0197831
1.0484996
0.90858954
0.86825
1.0097985
1.0133529
0.86873925
0.9977529
0.85005045
0.94192225
0.87931657
0.9110185
0.82310486
0.9742907
0.9601996
0.8261546
0.86656463
0.94239473
0.9496483
0.98896563
0.973989
0.79509354
1.1784818
1.0471551
1.1114261
0.91449374
0.8673031
0.9650382
0.92951363
0.9671936
1.1380153
1.1527482
0.91461647
0.83041203
0.9879028
0.9461652
0.82931995
0.7752348
0.8943983
0.86030143
1.0640163
0.8583533
1.022964
0.9564456
0.9239657
0.9984345
1.1659646
1.1192884
0.95620084
1.2093788
0.90911794
1.0787324
0.8424178
0.97753924
0.88992405
0.9265363
0.9466268
0.9200416
0.87694705
0.9274342
0.9921841
1.0126009
0.97404206
1.0418291
0.887649
0.8986956
1.0349423
0.971308
0.81798816
1.0276145
0.90508115
0.9721749
0.98346746
0.805068
0.9464272
0.8179913
0.87294173
0.91569877
0.9627595
0.9324066
0.821043
1.0509949
0.83945835
1.0780603
0.9002008
0.9334117
0.84604484
0.9893217
0.9829667
0.96424466
1.0176697
0.88955265
1.0369952
0.8678895
1.1735129
0.9094535
0.9233261
1.0235682
0.90328854
1.024857
0.9322695
0.87822634
1.0156031
1.0744436
0.89216936
0.86987484
1.018669
1.0274491
0.94449866
0.8771213
0.88385224
0.98291934
0.9617235
0.8716508
0.8307088
1.0212257
0.8492568
1.0537405
1.0761611
0.9259719
1.1333072
0.8879895
0.9299567
0.80397785
1.0732093
0.9288571
1.0296578
1.0536268
0.9336692
0.89190304
0.7966529
0.98572624
0.90948445
1.1045899
1.0427581
1.0541012
0.8447271
1.005374
0.98519146
1.0169622
0.930457
0.9427396
0.9587141
0.8264239
0.87174326
1.0387832
0.8813703
0.89804536
0.9040321
0.89222425
0.8845482
0.9875334
0.9263731
0.8885798
0.93729836
0.8753544
0.99604434
0.8764713
0.9473851
1.0298741
0.9672909
1.1018283
1.0285023
0.8857819
0.88263094
0.9960916
1.1057789
0.9084233
0.9208219
1.0627918
0.9445019
0.8242026
0.98124325
1.0712777
0.91365546
0.9591174
1.0040448
1.0000588
1.0452543
1.0790008
0.84392744
0.9125466
0.80074304
0.84050477
0.9755741
0.9583478
1.1081527
1.0242888
0.89146024
0.8904989
0.9426968
1.0353402
0.8731906
1.1382003
0.8403187
0.91771054
0.9182657
0.9546469
0.78907156
1.0239112
0.95343864
0.9471139
0.96535885
0.99011576
1.0482973
1.0920163
0.9891474
1.0333308
0.8529978
1.0383055
0.84231865
1.0118669
0.84800476
1.183248
0.9124092
0.84580576
0.9657871
0.8679192
0.9441856
0.8455421
0.9478849
0.9320686
1.0235426
0.95289254
0.8640218
1.0546092
0.93114173
0.9594243
0.9273583
0.9555024
0.9478671
1.0382398
0.9870931
0.92584544
0.85460675
1.1237768
0.9502168
0.9702424
0.81490505
0.96187437
1.0125701
1.0352914
0.84855807
0.98975456
0.94647694
0.8330294
1.034303
1.1300128
0.96822447
0.89024353
1.0158576
0.9973811
0.9029524
0.9001461
0.9449973
0.9344637
0.90407544
1.0529786
1.0186093
1.1865836
0.96657336
0.80989516
0.94357884
1.0141851
0.8307225
1.0973198
0.8339708
0.84026825
0.9780871
0.91839325
1.0545117
0.86950797
0.95530367
0.8283981
0.8628353
1.0088127
0.9744798
0.9071965
0.8555278
0.87023616
1.0666516
0.8594194
0.97928315
0.9760922
0.82631856
0.79939866
0.9207052
0.93653476
0.8991956
0.92381763
0.9236543
0.94719756
0.95221436
0.85785675
1.053149
0.86737776
0.8545928
0.91445124
0.9738772
0.8890827
1.0672163
1.0131233
0.85711277
0.8862345
0.8971772
0.93535566
0.91880345
1.1408157
0.9798133
0.9131949
0.9080045
0.97934246
0.9495372
1.1067383
0.8856276
0.8629087
1.0662067
0.9219972
1.0405066
0.8921802
0.9019284
0.8920781
0.7857543
0.8839829
0.94915867
0.99779177
0.9704504
0.8440805
0.96733993
0.84549356
0.9982978
0.94451594
0.97644997
0.880881
0.906971
0.9719504
1.1150235
0.83255494
0.9637555
1.0697222
0.9437118
0.8770381
1.0961151
0.96015304
0.9875972
0.90059686
0.9569007
1.0240877
0.9259758
0.9121672
1.0078795
0.82923925
0.9374615
0.91954803
0.94049895
0.80608165
1.0018811
0.9639189
0.9418498
0.90411377
0.8317565
0.9348831
0.89157593
0.99129796
1.0357441
1.0593655
0.9960385
1.0492833
0.8484003
1.1161883
0.914392
0.97338766
0.9226868
1.2788782
1.0055519
0.85617936
0.9028759
0.92924
1.0199602
0.93158126
0.93763906
0.90989137
1.069758
1.071928
0.92537934
0.9036604
0.9291599
0.97073543
1.0013382
0.8420237
0.88272333
0.84580076
1.0717118
0.9943172
1.0460801
0.98341453
0.90374386
0.89986205
0.9155505
1.0732191
0.8510636
0.98483264
1.0306536
0.8848746
0.8491421
0.8610315
0.89823663
0.88862896
0.912389
1.0074173
0.8735604
1.0472541
0.902141
1.0452783
1.1010673
1.1527382
1.0582602
0.93846905
0.8191744
0.91973245
0.9103402
0.948999
0.9418876
0.9558085
1.0122435
0.8784426
0.9068463
1.0490005
1.0040197
1.0712659
0.88891256
1.0213153
0.9878898
1.0646558
1.0224946
0.9368657
0.8436328
1.135392
1.0558381
0.8427091
0.8587228
0.8485743
0.86107975
0.98551947
0.89147824
1.0512102
1.0453184
1.0246097
0.910081
0.92774105
0.851723
0.9335996
0.893549
0.86739993
0.89092886
0.98145866
0.94105417
1.1160756
1.1000943
1.0798244
0.89986473
0.8899449
1.1504772
1.1333034
1.1356809
0.9442806
0.9820909
0.9426558
0.90736496
0.85270154
0.9163317
1.0027969
0.89263165
0.9953398
0.749421
0.9446377
1.0405773
0.945629
1.055792
0.9535912
0.9086368
0.90858424
0.9317461
0.9510762
0.833529
0.92370963
1.0410514
1.0226331
1.0364169
1.0317199
0.9200802
1.0425125
0.94402134
0.91893554
0.9885946
0.9527425
0.9659492
0.90890086
0.94337857
0.85234284
0.8664288
0.9035769
1.084105
0.92035663
