0.9504334
1.0834581
1.0638903
1.1492761
0.96279967
1.0204029
1.1041844
1.0712864
0.9947125
1.1545405
0.9706774
1.0726286
1.0579722
1.0596558
0.96633136
1.1908664
1.1419721
1.1129156
1.1108236
1.1577084
1.0599486
1.0801327
1.1716135
1.1412977
1.0038846
0.9326369
0.99529296
1.0877625
1.2111411
0.9984151
1.1572459
1.0756145
1.1278806
1.1237459
1.0640796
1.0056701
1.0531614
1.0927992
0.94112486
1.2068336
1.1199622
1.1074908
1.0649502
1.104003
1.1063125
1.092252
0.8977715
1.1134102
1.0709181
1.1696295
1.1267526
0.9914267
0.8363019
1.0687358
1.0856364
0.9946846
0.9976216
1.0328803
1.0975624
1.0143704
1.0636559
1.1340845
1.1251733
1.010247
1.063298
1.0543416
0.9597639
1.2217699
1.0896087
1.0662673
1.2084324
1.1358933
1.0045192
1.1645443
1.0522695
1.130847
1.1431601
1.1469901
0.9952349
1.0189669
1.1118312
1.0658404
1.1361703
1.0989265
1.1009536
1.1381841
1.0101744
1.1920619
1.0353184
0.8500298
1.0637654
1.1035485
1.0014389
1.0092499
1.0461767
1.1002247
1.2125932
1.1044223
1.035048
1.0873282
1.1788807
0.9874234
1.100562
0.9876926
1.1004767
0.89045
1.1193881
0.99658275
0.963029
1.1743724
1.126153
1.0528457
1.0701337
0.985191
1.0289667
1.1152344
1.0025011
1.1611128
1.0912294
1.0146494
1.1083204
0.9637311
0.95115423
1.0373642
0.96933174
1.1015763
1.1695514
1.0376956
1.1655387
1.1097851
1.0812019
1.1205122
1.0738459
0.9317759
1.0181218
1.1366167
1.0934062
1.2560456
1.037763
0.98798394
1.0316908
1.0363123
1.0887456
1.0722984
0.85951984
1.0392914
1.1786126
0.95177394
1.1024563
1.0594544
0.98888636
1.0889093
1.0676384
1.0328052
1.1381665
1.0349611
1.0605106
1.03551
1.0563042
0.93310016
1.0797396
1.0461267
1.048065
1.1508943
1.1339221
1.1160452
0.9353015
1.1353723
1.1282028
1.1069963
1.1888072
0.8851168
1.0512166
0.9989909
1.2263873
0.9585972
1.1228507
1.1506526
1.1569235
1.1662554
0.9539211
1.1610328
1.064641
1.0032028
0.92920184
1.2376497
1.0624145
1.0143503
0.97652125
1.0858213
0.8852735
1.1096212
1.2041693
1.0797789
1.0778263
1.1315227
1.0237174
1.001817
1.0259331
0.998369
1.025548
1.0954529
1.0543272
0.9618101
0.94790465
0.86330533
0.82816017
1.0198727
1.0683137
1.0072918
1.1304289
1.0414937
0.99210584
0.9984064
1.0287973
1.092867
1.2165239
1.1875759
1.0514789
1.2090878
1.0214239
1.136764
1.0429515
1.0666085
0.96253705
1.0960791
0.9169189
1.2163124
1.0951359
0.94098306
1.0775224
1.0940211
1.0524436
1.0791466
0.9688748
1.0686735
1.1836376
0.9232259
0.95598865
1.101426
0.9677142
1.1216918
1.0425274
1.015554
0.9303685
1.2599442
0.98681724
1.2578013
1.1791029
0.9550614
1.0739858
1.0027217
0.9880771
0.9378551
1.0394578
0.9292896
1.0254506
1.0985578
1.0418273
1.187099
1.1684313
0.9757731
0.9668238
1.1059098
1.0899572
1.2410085
1.0418961
0.9427331
1.0171165
1.1173891
1.1813655
1.2096889
0.90519595
1.0615242
1.007486
1.1949873
1.0931513
1.1332874
1.1561003
1.1947343
1.0646558
0.98414487
1.1388845
1.0491899
1.0147374
0.9744668
1.2073723
1.0228857
1.1512954
1.1172879
1.05626
1.1011457
1.0974424
1.2237461
1.1092386
1.025659
1.0613655
1.1190212
1.1223772
1.0932178
1.1032088
1.116576
1.1270593
1.1539662
1.1033423
1.1682905
1.1492193
1.1612501
0.9845111
1.1463628
1.2079861
1.0644692
1.2084631
1.0684752
1.0415463
1.1467067
1.0981638
1.0650403
1.0671813
1.1009936
1.0018067
1.0243338
1.0935282
1.0037806
1.1526222
1.0871758
1.0529287
1.1189061
0.9608888
1.1074007
1.0955579
1.1550703
1.1144292
1.1293168
1.0544658
0.99264956
1.0655367
1.1787862
1.145055
1.0853184
1.0483356
1.0129304
1.0997462
1.0182483
1.1319516
1.1540573
0.93379575
1.1529262
1.0597798
1.0260227
1.09202
1.0718737
1.1820972
1.0691361
0.97673374
1.1012571
1.2370332
0.91239476
1.0354607
1.0074761
1.078106
1.025862
1.1574459
1.1572692
1.1799346
1.0797317
1.2030013
0.8081038
1.0883832
1.0195915
1.0319104
1.0970438
1.098935
1.1160233
0.9454733
1.1499548
1.0200925
1.1025195
1.0062041
1.0940628
1.007228
1.1689544
1.069501
1.1364259
1.0548956
1.1743846
0.8937814
1.0103409
1.1282762
0.9326844
1.1054642
1.0282247
1.2250271
1.1140114
1.1049063
0.93659425
1.1872115
1.1325254
1.1029363
1.0650616
0.9065222
1.1563096
1.0752754
1.1250045
1.102527
1.0810537
1.0355961
1.1263711
0.99137396
1.1773183
0.9736917
1.0903723
0.96450067
1.1362793
1.1195469
1.0608201
1.1219556
1.030379
1.0112118
1.0212936
0.8506848
1.1119672
1.1368788
1.1132593
1.0597339
1.0662632
1.0346379
1.1109239
1.0413668
1.1559286
1.1512588
1.1363627
0.9384977
1.0217826
1.0451541
1.0898359
1.0423597
0.9368104
1.0529207
1.0041726
0.8726454
1.0906367
1.179327
1.0594151
1.1634719
1.0854199
1.0392827
1.1978543
1.1168604
1.0040058
1.1136153
1.0738034
1.1789131
1.1647136
1.2370255
1.152738
1.1661105
1.1328526
1.143182
1.0377979
0.84813297
1.225391
1.0726026
1.030625
1.0617937
1.1898704
1.1196547
1.0702341
1.2624823
1.059607
1.1937635
1.0884404
1.1607842
1.174561
1.0771747
0.9300171
1.1498847
1.0674597
0.9106926
0.92841804
1.096839
0.9026108
1.099737
1.1667259
0.96328694
0.88583606
0.98269916
1.1342227
1.0102088
1.1644139
1.0409433
1.1843308
1.0740317
1.151793
1.1232456
0.9244958
1.0212343
1.1534033
1.1112392
1.0340902
1.0303719
1.0567625
1.1132764
1.0065839
1.0159812
1.2022904
1.0729444
1.0456165
1.1790984
0.91971415
1.1336179
0.99100304
1.1189715
0.92014396
1.0875785
1.1224798
1.092009
1.1095861
1.0309196
1.1511236
1.131144
0.9989984
1.1345775
1.0613177
1.0276425
1.1130083
1.1901991
1.1295223
1.060099
1.1198812
1.0534034
1.0717674
1.1092143
1.0181279
1.0140151
1.0706286
1.0553064
1.0200179
1.028768
1.0637888
1.0563875
1.1507728
0.99010545
0.9881301
1.0026715
1.0619285
0.91811275
1.0082695
1.0096025
0.9860262
0.9242749
0.9776022
0.8237746
0.9889668
0.9600222
0.80798167
1.086988
1.05808
0.972592
0.81122303
0.90709066
0.85994005
0.9127361
0.8880069
1.1041043
0.8997923
1.0074124
0.9489528
0.923378
0.9446988
0.97345424
0.9789359
0.93821174
0.98665196
0.91596967
0.89660764
0.78916174
1.0303787
0.9530904
0.8289007
0.97477674
0.9918387
0.9750159
0.9051314
0.9889008
1.0742106
0.95080614
1.0244858
1.0360652
1.0356995
0.8996965
0.8474637
0.9981278
1.0293674
0.87464076
0.98413694
0.8371295
0.95599973
0.87214106
0.8994217
0.8360793
0.9772374
0.95770025
0.8483411
0.8647816
0.89621794
0.98392975
0.9692538
0.96251416
0.79422474
1.1743805
1.00579
1.1127489
0.9463167
0.88043416
0.9468522
0.93214154
0.98479766
1.127203
1.1796334
0.92095387
0.84680694
0.9809102
0.9307506
0.8479746
0.798385
0.9214704
0.8869357
1.0418928
0.90878665
1.0234022
0.9650986
0.9066124
0.98530936
1.1753042
1.1079983
0.99377877
1.1943405
0.91981566
1.0546236
0.8583569
0.9753332
0.9015217
0.9364269
0.9219606
0.91568625
0.89807653
0.9284987
0.97361946
1.0084182
0.98238266
1.0098808
0.9155121
0.8962389
1.0267546
0.9755424
0.8247609
1.0367222
0.9104149
0.96799517
0.93532765
0.7951839
0.96384907
0.787279
0.86802924
0.910916
0.9670131
0.9544351
0.8240455
1.0215929
0.82947266
1.0624819
0.8782063
0.9294317
0.84042966
1.0307052
0.99549574
0.97339433
1.0098295
0.8786166
1.0469851
0.8872123
1.1525583
0.8993348
0.93666124
1.0077286
0.9195281
1.0017573
0.8867424
0.9253956
1.0184982
1.0770454
0.87409216
0.8571406
1.0330796
1.0226383
0.96823704
0.90433824
0.9027641
0.98900986
0.9709528
0.86018395
0.84574497
1.0188103
0.84688115
1.0923834
1.0799891
0.9089308
1.1583128
0.8810265
0.94651055
0.8017767
1.0572186
0.92950094
1.0395067
1.0970848
0.9570383
0.8741374
0.8156916
0.99900556
0.9112313
1.119863
1.0531204
1.065268
0.8261665
1.0206697
0.98692346
1.0150375
0.9108224
0.9180819
0.964691
0.8220823
0.8897339
1.0385084
0.87510693
0.9274355
0.8906976
0.89129543
0.8723545
0.9720889
0.9272487
0.8921795
0.9334915
0.8803545
0.9919715
0.8812144
0.9492061
1.0274373
0.96901345
1.0895004
1.0458007
0.90312636
0.89648306
1.0018511
1.098166
0.89081573
0.88790476
1.0707302
0.96463567
0.8202934
0.9943266
1.0798241
0.9437886
0.9568504
0.9829879
0.98042405
1.0445306
1.0824854
0.88335705
0.9015804
0.80356604
0.870991
0.96038085
0.96539915
1.1084225
1.0165194
0.8780261
0.85051644
0.989046
1.0176865
0.8873326
1.1169565
0.88492763
0.9373982
0.9275782
0.930858
0.8041781
0.98068917
0.92510736
0.9484694
0.98660356
0.96377283
1.0179863
1.0915055
0.9764861
1.0370749
0.86311126
1.0344021
0.83765715
1.0002303
0.8456638
1.1665144
0.9467496
0.8479011
0.9644793
0.8515297
0.98369396
0.8848461
0.9558532
0.9188509
1.019135
0.9346623
0.89758253
1.0366495
0.9460759
0.9355556
0.9032018
0.9426788
0.9650575
1.010806
0.9929514
0.97015214
0.85959595
1.1183808
0.9445125
0.9655769
0.7908935
0.96531487
1.0114601
1.0369065
0.8362982
0.9470957
0.9307141
0.8318423
1.0575703
1.1083248
0.9800792
0.86466503
1.0250397
0.9987768
0.88560814
0.90628815
0.9590695
0.98318976
0.9057417
1.0269206
0.99628735
1.2351401
0.95905745
0.8280726
0.93102986
0.9935779
0.8461325
1.109624
0.8372069
0.8099576
0.95870566
0.98263705
1.0774174
0.89808273
0.9635092
0.81683344
0.8684318
1.0211017
0.96734667
0.8953278
0.862899
0.89704275
1.0699093
0.8817678
0.96247506
0.98246026
0.81738365
0.8047973
0.9090666
0.94391036
0.9162243
0.9615506
0.9706505
0.96955335
0.9504998
0.8430716
1.0227125
0.8413714
0.8849205
0.9191698
0.96624124
0.88864875
1.0553567
1.007575
0.85236585
0.8695514
0.89862084
0.9442961
0.93347347
1.1361217
0.9745109
0.93489873
0.9100766
0.99218404
0.9630887
1.1022861
0.9001367
0.87830454
1.0586812
0.9577997
1.0516701
0.9382292
0.9117358
0.92489946
0.8100883
0.86902106
0.9638064
1.0166254
0.98914766
0.85409
0.96808696
0.8453323
0.98325634
0.9550537
0.9758111
0.85520387
0.9232857
0.97413075
1.1166131
0.8229028
0.9861225
1.06534
0.9502328
0.913278
1.0988886
0.9695822
0.9794046
0.8860053
0.95335394
1.0499225
0.9223173
0.9180033
1.0087909
0.875102
0.93053293
0.93361044
0.94079065
0.7576294
1.0043541
0.95028615
0.97988814
0.91817
0.8279852
0.8890501
0.89975166
0.95567787
1.0368011
1.0648386
0.93594444
1.0596001
0.89190483
1.1066916
0.8535055
0.9644573
0.9455374
1.3237884
1.0383766
0.88089776
0.95227325
0.91196764
1.0167987
0.94631875
0.97120035
0.8798748
1.0367975
1.0813565
0.943292
0.89331067
0.90622854
0.94209087
0.994685
0.8772116
0.89717185
0.82392776
1.082181
0.9964392
1.0623021
0.9627988
0.9271318
0.8662976
0.93218476
1.0762308
0.8388591
1.0045966
1.0343802
0.89802784
0.83691823
0.84490204
0.8684204
0.9027653
0.8807191
1.0045607
0.87617946
1.0304945
0.912124
1.0562865
1.0870216
1.1672186
1.0147717
0.96970224
0.81385636
0.9370909
0.8811841
0.9678676
0.93701196
0.9476013
1.0488696
0.9107208
0.92407924
1.020983
1.0146177
1.0538344
0.86387515
1.0493408
1.0171826
1.0781727
1.0145679
0.9218023
0.83311266
1.1270142
1.0929205
0.8526567
0.8924981
0.8197205
0.8510459
1.0185899
0.9136185
1.0715324
1.0776235
1.0320084
0.92405295
0.9000473
0.894814
0.9479337
0.8968468
0.8444077
0.9011687
1.0054858
0.92257833
1.1206203
1.0507345
1.0669297
0.88024604
0.86106586
1.1439166
1.1431701
1.1357913
0.93166864
0.98646724
0.95753217
0.94233763
0.85982955
0.9177285
0.94871837
0.84953904
1.0025268
0.75615275
0.9410107
1.0398345
0.9673642
1.0283747
0.9662355
0.9329417
0.9287422
0.9514084
0.94417673
0.83497834
0.9300996
1.0307329
1.0568123
1.0019007
1.0327092
0.93084496
1.0546544
0.9377327
0.95989037
0.9767192
0.9489083
0.9598713
0.940075
0.8761749
0.85233736
0.9033855
0.91815567
1.0834745
0.9260403
