0.92561364
1.1382668
1.1073327
1.1394594
0.96649194
1.0227649
1.1003811
1.0393
1.040482
1.1424079
0.97703624
1.1234189
1.0414205
1.0291178
0.96537143
1.1170433
1.1286871
1.0697198
1.1159384
1.1354058
1.124857
1.0500302
1.1922665
1.1273843
0.9913251
0.9804425
0.9845793
1.0933216
1.1932219
0.99483675
1.1664827
1.0427034
1.1009154
1.0915756
1.0306442
0.9959119
1.0716403
1.0609543
0.9586229
1.1709387
1.12668
1.0790937
1.092476
1.0664759
1.1144696
1.0534068
0.90533185
1.077853
1.0781319
1.1698022
1.1193392
0.99182665
0.8774791
1.051089
1.0855744
0.9774537
1.0065702
1.0044605
1.1372387
0.9982379
1.0610081
1.1317338
1.1093524
1.0399708
1.0989275
1.0775084
0.9597483
1.185011
1.0483401
1.0974394
1.2071698
1.1339049
0.9954621
1.1704931
1.0626862
1.1120551
1.1393137
1.1527157
1.0089718
1.0377965
1.0967906
1.0466214
1.1363723
1.0764841
1.0998201
1.0603769
1.023141
1.1704074
1.012646
0.9107008
1.0445904
1.130635
1.0062907
0.9901699
1.0058135
1.1136878
1.2059029
1.0712948
1.0156498
1.1317015
1.1440082
0.9923347
1.1024246
1.0155479
1.1000557
0.9261526
1.1110923
1.0191386
0.98326457
1.1641333
1.0920622
1.021743
1.012419
0.97769904
1.033634
1.0778103
0.9942619
1.1302996
1.0824053
1.0135088
1.1074427
0.9891782
0.95739925
1.0113283
0.9727834
1.0774617
1.1379591
1.0413021
1.1391532
1.063952
1.0673835
1.1360836
1.1075778
0.95224047
1.0414361
1.129297
1.1045203
1.176652
1.0772183
1.0257471
1.0403252
1.0034734
1.1029761
1.0451994
0.8979912
1.0402961
1.1581221
0.99327433
1.0887218
1.0330815
1.0187815
1.0632507
1.0703013
1.0070286
1.1617944
1.0182126
1.0551603
1.0410295
1.0504866
0.96179056
1.0375786
1.0575361
1.0443246
1.1491313
1.1456466
1.0948634
0.96311164
1.1044232
1.1626182
1.0929195
1.1961161
0.93410206
1.0432618
0.9832304
0.99389243
0.9529333
1.1388676
1.1396962
1.1364584
1.158174
0.9746344
1.150065
1.1035516
1.0201845
0.96038234
1.2112571
1.059853
1.0389471
1.0104613
1.0540411
0.9135049
1.1223583
1.1502861
1.1092919
1.1105168
1.1121534
1.0493226
0.9939817
1.011302
1.0191224
0.98611873
1.0519358
1.0164881
0.9789691
0.9515723
0.88235295
0.8999773
1.0649459
1.0317676
0.99938834
1.139348
1.0244484
1.0797055
0.9798348
1.0213518
1.102726
1.1105773
1.1821649
1.0266865
1.1760073
0.99956006
1.1253287
1.0184517
1.0295575
0.9540142
1.0817012
0.9515897
1.177023
1.0452151
0.94242156
1.0882313
1.0671194
1.0278621
1.0672513
1.0015693
1.0696092
1.2056279
0.9210382
0.959161
1.1007745
0.9834583
1.1138718
1.0469334
1.0184298
0.96531713
1.1803979
0.9828885
1.1307795
1.1409103
0.9762254
1.055006
0.99290395
0.9991979
0.9374629
1.0396658
0.9339845
1.0112205
1.0918975
1.0587068
1.165755
1.0835719
0.95626235
0.9857781
1.067731
1.0625126
1.2143403
1.0550975
0.98198915
1.0056373
1.1194441
1.1628556
1.1770532
0.940745
1.1205167
1.0027909
0.82224035
1.0956473
1.1275468
1.1117526
1.2280735
1.0704191
1.0156064
1.1285903
1.0270524
1.0100319
0.9936032
1.1553695
1.0277789
1.133396
1.0825288
1.0225612
1.0910738
1.0766593
1.1773815
1.0611079
1.0172832
1.0539484
1.1798601
1.092973
1.0474215
1.1308391
1.0828614
1.1535202
1.1325216
1.1084667
1.169803
1.1171998
1.0689517
0.97722995
1.1189673
1.1824235
1.0175416
1.1939838
1.067355
1.0506673
1.1046698
1.032789
1.0645878
1.0438132
1.0807288
0.9756752
1.0411832
1.0985616
0.9746176
1.1823182
1.0528431
1.0398675
1.085068
0.9541732
1.0897906
1.0921445
1.1516709
1.0638969
1.0970345
1.1056968
0.99087036
1.0981965
1.1917777
1.1491108
1.0449737
1.0143394
0.99711955
1.0475528
1.0295608
1.1082382
1.0821251
0.9324752
1.152492
1.077726
1.0325036
1.116159
1.0758334
1.1706848
0.99176764
0.969496
1.0730323
0.95414114
0.92454886
1.047862
1.0218514
1.0489733
1.0249039
1.1399405
1.1441259
1.1625879
1.077843
1.173945
0.8426677
1.0912299
1.0307608
1.0470846
1.0777749
1.0817692
1.0958061
0.9588593
1.1142228
1.0048376
1.058074
1.013281
1.0833457
1.0095941
1.1823659
1.0397534
1.1116993
1.0353799
1.1778316
0.9593689
0.9959815
1.0905343
0.9508794
1.0995204
1.0417292
1.1891055
1.1241508
1.0810881
0.93503445
1.2049873
1.1111245
1.0691493
1.0277481
0.94337344
1.1321359
1.1003392
1.1025063
1.0969839
1.0422764
1.0047345
1.1342624
0.9881273
1.181032
0.9387026
1.0996543
0.9912714
1.1444032
1.1363866
1.045464
1.1224121
0.9845512
1.0221213
1.0107825
0.89845026
1.0723433
1.1534317
1.1035365
1.0730294
1.1065905
1.032398
1.1182528
1.0224061
1.1754625
1.1422318
1.1184502
0.95455813
1.0218074
1.0222604
1.1098137
1.0448279
0.98149663
1.0816202
0.96907914
0.8958659
1.0630066
1.2015169
1.0810149
1.1679231
1.0393705
1.0288451
1.1656101
1.1366479
0.9912036
1.1103776
1.0450406
1.1743081
1.1501435
1.2344716
1.1531246
1.1069207
1.1449832
1.1443577
1.084527
0.88339233
1.1829752
1.0729171
1.0055069
1.0624247
1.1459093
1.1121712
1.1017408
1.2047201
1.0216988
1.132663
1.0865471
1.1196191
1.1174512
1.0847571
0.9748243
1.184413
1.066233
0.94686365
0.9613329
1.0895088
0.94253063
1.0868398
1.16978
0.95709395
0.8864538
0.95983106
1.09515
0.99515885
1.1639551
1.0159506
1.1579853
1.063822
1.1548536
1.0636404
0.944981
1.0171623
1.1419241
1.1372132
1.0351772
1.0195099
1.052173
1.1078451
0.9991403
1.0333428
1.1836886
1.0322084
1.0724925
1.0102035
0.94073856
1.1179572
0.97269773
1.072339
0.92391384
1.0762442
1.0529273
1.134098
1.1361822
1.0847316
1.1177719
1.1494563
1.0354419
1.1616226
1.0676589
1.0319526
1.1217933
1.1784365
1.1059492
1.0747168
1.1197661
1.0613785
1.0801337
1.0996118
0.99779016
1.022294
1.0390368
1.025983
1.0199142
1.010603
1.0207176
1.0480895
1.1404667
1.0066447
0.9744577
0.98725563
1.0509512
0.93228716
1.0050395
1.0126274
1.0175626
0.96749353
1.0177058
0.8460369
0.96430975
0.99438
0.88296163
1.0801153
1.0936792
0.975598
0.85057455
0.9234148
0.8904966
0.9637309
0.9439329
1.1008661
0.91021466
1.0168073
0.9839699
0.92624855
0.9992317
0.9809161
0.95719767
0.95661426
1.0240967
0.94050455
0.93523777
0.8244755
1.062571
0.98983777
0.88239884
0.99052435
1.0102246
0.9985119
0.95591986
0.9966281
1.0655509
0.9639416
1.0537935
1.0250856
1.035644
0.9474675
0.8763015
1.0160594
1.0213199
0.89860874
1.0049602
0.8892036
0.9844519
0.90436184
0.9266209
0.88926136
0.99576074
0.9758692
0.896714
0.89963555
0.9445032
1.0212082
0.9715312
0.9895404
0.8218683
1.1806939
0.99266994
1.1061475
0.94757986
0.88201225
0.95752925
0.9584491
0.9897844
1.1422613
1.1530156
0.9365828
0.8937534
0.98253894
0.9467484
0.8925227
0.8695056
0.92503613
0.92532724
1.0556142
0.93991446
1.0330825
0.9587153
0.91464937
1.0008508
1.1433036
1.1075463
1.0192202
1.225362
0.93591696
1.0373054
0.854558
0.98514366
0.95690036
1.0031322
0.9571277
0.93900996
0.9160061
0.9660116
0.9700419
1.0234108
0.96858084
0.9916388
1.0071597
0.9326145
1.0189966
0.9847435
0.86175406
1.0292377
0.95352423
0.99098134
0.97027373
0.8713493
0.9852854
0.833248
0.9286455
0.9234981
0.9720144
1.0005172
0.8728384
1.0131474
0.8688074
1.0625528
0.89975584
0.9613999
0.9165833
1.0087695
0.99520683
0.9533731
1.0141454
0.9342873
1.0107458
0.9269725
1.1598216
0.9717037
0.96237004
1.0435987
0.9859666
1.0013785
0.9159454
0.9337773
0.9951328
1.0975208
0.9256581
0.86927164
1.0328555
0.9939655
0.99956334
0.91283214
0.9415811
1.023015
0.9783065
0.8799024
0.87941724
1.0210168
0.88044333
1.0850871
1.0866532
0.9599003
1.1289711
0.9611795
0.9607985
0.84985614
1.0293523
0.974481
1.0351695
1.0371046
0.9533416
0.91708696
0.86527914
1.0022675
0.94763625
1.1238999
1.068454
1.0450772
0.86982214
1.0368305
1.013437
1.01777
0.95696235
0.99220276
1.0106878
0.87920755
0.9397185
1.0303576
0.9065025
0.960458
0.935797
0.9280299
0.90954506
1.0045651
0.9480217
0.9318074
0.96144056
0.90971446
1.012295
0.9180376
0.96475136
1.0178666
1.0185136
1.0810847
1.0419233
0.95245725
0.9383038
1.0194354
1.0903491
0.92057467
0.9263186
1.0582039
1.0098886
0.84417343
1.0043274
1.0753682
0.98063576
0.97770166
1.0178115
0.96168983
1.0507557
1.0871751
0.9128866
0.93444586
0.8873091
0.89993453
0.95974135
0.97547984
1.0913856
0.9950503
0.9076991
0.9038403
1.0369804
1.0213397
0.9176543
1.104032
0.9468981
0.9588437
0.9420674
0.99975723
0.85262334
0.9742917
0.96061367
0.9743574
1.022008
0.9535411
1.0278819
1.0870664
1.0068785
1.0468813
0.9224812
1.0198326
0.8576309
1.0013328
0.8742107
1.1584015
0.9602656
0.88851607
1.0164337
0.91508114
0.9901982
0.9200929
0.97761965
0.96711767
1.024791
0.9556852
0.9377154
1.0238972
0.97315663
0.96329963
0.95569056
0.9615215
0.9875764
1.0252143
1.0173831
0.99662435
0.93091285
1.1388515
0.9495598
0.9832256
0.85431194
0.97007936
1.0257185
1.0542247
0.9053949
0.9578191
0.97297096
0.86633766
1.0661962
1.1136322
0.992116
0.9060625
1.005756
1.0308444
0.90392303
0.9316479
0.9573001
1.0055611
0.9344038
1.0054646
0.9881731
1.142339
0.9746182
0.8945956
0.9374106
1.0006115
0.8917215
1.1136718
0.8630319
0.86613786
0.9965497
1.0012426
1.0355566
0.9152775
0.98293895
0.8459501
0.90958536
1.0301675
1.0129219
0.92228025
0.9166016
0.9196875
1.0533704
0.9012829
0.97785693
1.0363779
0.8659506
0.85123557
0.9490751
0.9368292
0.94401705
0.9768156
0.9794688
0.9918797
0.9760846
0.839824
1.0487444
0.88334227
0.91058433
0.95386636
0.98640406
0.91842616
1.0752338
1.0299875
0.8952172
0.89555013
0.9209478
0.9747921
0.9507535
1.125945
1.0007281
0.94389296
0.90370333
0.9926344
0.9554967
1.072515
0.9396749
0.9026865
1.0421023
0.97968674
1.0589316
0.9767581
0.9378954
0.9563818
0.8647778
0.92765975
0.9707253
1.0075527
0.9865966
0.90399414
0.98440826
0.8913432
1.0012734
1.0209365
0.96849686
0.91843927
1.0066772
0.97680473
1.0835867
0.8628041
1.0101522
1.0938349
0.9812448
0.95767325
1.0804632
0.9932872
0.9785768
0.9147152
0.9908532
1.0387716
0.9408171
0.93505883
1.0103445
0.92149276
0.9551246
0.9438395
0.9087332
0.84834814
0.9661191
0.97807205
0.9720279
0.93606377
0.86070836
0.94590384
0.96404237
0.9892621
1.0238491
1.0618132
0.9627304
1.0420954
0.9258441
1.0592613
0.8839809
1.0179961
0.95038867
1.2854369
1.0389197
0.8988936
0.95462275
0.925416
1.0217023
0.98780334
0.9728209
0.91803813
1.0117536
1.0698211
0.93928385
0.919284
0.93727696
0.9862219
1.0040684
0.9105359
0.91390467
0.88774306
1.0509744
1.0073749
1.0772527
0.9890777
0.956548
0.8994093
0.9412709
1.0979517
0.9192432
0.9941472
1.0464594
0.9596485
0.9103894
0.8888391
0.8875381
0.92682844
0.9348293
1.0327086
0.93175554
1.0327878
0.929077
1.04929
1.081156
1.1213557
1.0327629
0.97869307
0.8542216
0.9576236
0.88901293
0.984108
0.9572189
0.97550917
1.0517642
0.93610096
0.9527793
1.006892
1.0451679
1.0243038
0.89120746
1.0677273
1.0588813
1.097523
1.0441794
0.9435994
0.847558
1.1250948
1.0684742
0.8861009
0.94637537
0.8797367
0.87728083
0.99096227
0.9355463
1.0622063
1.0249435
1.0634577
0.9608513
0.9331857
0.9376247
0.97162855
0.92456067
0.9304683
0.9005643
0.98624325
0.9269142
1.1049949
1.0195243
1.0639497
0.946893
0.90986323
1.1284664
1.1357965
1.1164342
0.984913
1.0181453
0.95482713
0.9739902
0.92731476
0.9491078
0.93982697
0.87973845
1.0109888
0.83247733
0.91661525
1.0702577
0.96605814
1.0358965
0.97346354
0.978752
0.9453657
0.9697156
0.96778
0.9069095
0.9505099
1.0032201
1.0510566
1.0259032
1.0349064
0.9571068
1.0649705
0.9500928
0.9888103
0.9709107
1.009026
0.99001014
0.927015
0.90453637
0.89507425
0.9260138
0.94762886
1.0672033
0.92595625
